index,distance,label
1997,0.6233193848301675,1
2151,0.6340144154511055,1
658,0.6373588247801358,0
651,0.6453469798197423,0
4290,0.6458042690353125,0
595,0.6500345582645175,0
465,0.6532897788587372,0
1055,0.65499014357112,0
639,0.6552050560678858,0
669,0.6599874244534234,0
3514,0.660951732710341,0
3913,0.6705249716303442,0
3837,0.6706342481672505,0
623,0.6715285379690332,0
3813,0.6722018684943456,0
3215,0.672540861433771,0
3186,0.6737719842424696,0
1684,0.677656473225106,1
4647,0.6778415214457979,0
677,0.6797222613171142,0
1372,0.6797322498846081,0
4304,0.6813654893992636,0
2152,0.6817637469025704,1
1842,0.6841098634418014,0
2106,0.6878088522297151,0
504,0.688403190428831,0
2318,0.6894823072860078,0
566,0.6901650634387821,0
2794,0.6901698065114947,0
4162,0.6904427481874605,0
3216,0.6919929438835761,0
4214,0.6968465924108486,0
1464,0.6969067841407625,0
742,0.6978136967205493,0
1542,0.6985571214509996,0
1374,0.6988615796558905,0
3683,0.7009227595749964,0
944,0.7017342858801608,0
1919,0.7020014569999574,0
1021,0.7020788589216845,0
4063,0.7023915509340242,0
3238,0.7043662608612378,0
4038,0.704391608030125,0
2336,0.7045403990881391,0
3563,0.7048042103157354,0
861,0.7048352326930082,0
2818,0.7052802762278714,0
481,0.7061727391500864,0
4224,0.7068113176251691,0
734,0.7070399728687649,0
3154,0.707646332750676,0
3083,0.7088067778664969,0
497,0.7103633397159532,0
4478,0.7112987644342325,0
1158,0.711649660375149,0
3754,0.7116849597833109,0
877,0.7139722310693681,0
1190,0.7144837813292958,0
1884,0.7149616422708012,0
750,0.7162351424638842,0
1199,0.717395653190858,0
65,0.7174525311599531,0
3303,0.7176524778687752,0
91,0.7176925404294516,0
3097,0.7177536721158799,0
2254,0.7190949391387753,1
958,0.7194572126433268,0
3100,0.7197442842715202,0
404,0.7209642600621786,0
395,0.7211774223085823,0
867,0.7211814480453587,0
3211,0.7213806090555883,0
1095,0.7214942172890457,0
617,0.722171798799756,0
11,0.7225747161596335,0
3590,0.7226181241530027,0
5055,0.7233116576168009,0
4449,0.7235043324255592,0
575,0.7236490357656681,0
4409,0.7244095186911288,0
87,0.7269445994807421,0
4655,0.7270063052950193,0
2230,0.7290035780851536,0
4167,0.7300911661192565,0
1573,0.7305076500826815,0
1531,0.7309724212101946,0
4039,0.7310225324251458,0
1144,0.7311323335576343,0
99,0.7312267970149808,0
27,0.7320143922059221,0
3099,0.7322150164369468,0
1970,0.7322757037533677,0
20,0.7324081027316491,0
2064,0.7328653303221343,0
948,0.7329459865433483,0
2124,0.7337454474297962,0
3020,0.7337702682470154,0
482,0.7338688633908241,0
4385,0.7345388263878624,0
4136,0.734542656304555,0
3846,0.7348172974966307,0
47,0.7359844837381181,0
4153,0.736646090895627,0
2201,0.7367441542374668,0
4328,0.7375302260730559,0
1053,0.7383307901677306,0
1530,0.7385973856490777,0
954,0.7389135194008034,0
945,0.7391436162112742,0
3023,0.7393783793232708,0
931,0.7395278664172074,0
841,0.7396353990021235,0
1639,0.739637256977218,0
3135,0.7398830826274996,0
3439,0.7404971064857853,0
3359,0.7408925144293886,0
1018,0.7414338410395899,0
1593,0.7414371127623979,0
3198,0.7415896009142371,0
3960,0.7418049795406783,0
950,0.7418269482130405,0
3727,0.7420473731768447,0
1307,0.7420670223072565,0
1265,0.7432467690396648,0
2059,0.7433155404827307,0
878,0.7435830364294546,0
3137,0.7439493291485905,0
3926,0.7441081520468307,0
3340,0.7442674723223868,0
2229,0.7443459114771277,0
3188,0.7445200539736248,0
2148,0.7446897652067963,0
3025,0.745411045930479,0
836,0.7457387807896754,0
3748,0.7459304584539154,0
3407,0.7465791750778528,0
3039,0.7466778270055493,0
386,0.7470180395143176,0
2214,0.74709084876125,0
736,0.7481458341334292,0
3903,0.7484132571873217,0
2400,0.7491297851330255,0
1131,0.7500339738760293,0
895,0.7506783539798654,0
1887,0.7506998426425076,0
520,0.7513561599966421,0
4817,0.7518440496657879,0
3017,0.7520089019341273,1
3287,0.7523097635165772,0
1150,0.7523289332458508,0
2,0.7536752850825087,0
1885,0.7537035274758358,0
672,0.7537403527952317,0
2792,0.7541273492902747,0
41,0.7542110473661676,0
4452,0.7542690368188785,0
1189,0.7543649142924599,0
1117,0.7545216315482586,0
117,0.7546255792322296,0
987,0.7547465860784021,0
2253,0.7547770547196787,0
2405,0.7548041098392332,0
4007,0.7550847944119728,0
1993,0.7553482587467136,0
1003,0.7557786924954751,0
2319,0.7557831124042051,0
1358,0.7565447071162075,0
1218,0.7566550161868961,0
4048,0.7569637385777211,0
4233,0.7577474758036675,0
2914,0.7577780567443734,0
125,0.7580402089749799,0
466,0.7584764688108545,0
3997,0.7591326470388585,1
2841,0.7591656417064713,0
1010,0.7595491787475874,0
787,0.7596619422743722,0
3236,0.7599759735376619,0
2005,0.7600448341659604,0
2225,0.7604036353091841,0
1975,0.7608453267722268,1
4961,0.7609692868572211,0
1234,0.7609870391210821,0
698,0.7610930414757889,0
3142,0.7611297249103094,0
608,0.7613475215395237,0
4958,0.7615120440816876,0
739,0.7615446856146705,0
598,0.7616720588430692,0
134,0.7618113269449934,0
3218,0.7621425139874611,0
3317,0.7622612901037449,0
4097,0.7624367698335642,0
4040,0.7624723939233947,0
1027,0.7625628985278745,0
2223,0.7629773139794721,0
860,0.7631561529076755,0
4818,0.7632465618535615,0
1892,0.76352486862795,0
2321,0.7636057397531191,0
1590,0.7640438381164687,0
725,0.7642527220764856,0
4791,0.7642810655637663,0
1048,0.7643283220413429,0
2793,0.7648370608958337,0
3979,0.7650042312756471,0
933,0.7654261294493879,0
3943,0.7654751821869228,0
3204,0.7656541931061431,0
1082,0.76574546309486,0
3502,0.7662440883439545,0
1551,0.7664461671173467,0
4258,0.7664682363816561,0
26,0.7668239325039397,0
2433,0.7669002352265684,0
4049,0.7669974715770592,0
914,0.7672937771886702,0
1034,0.7675948615083686,0
22,0.7676923886301431,0
829,0.7677080555407478,0
4190,0.7678805564599451,0
3360,0.7679768727228697,0
2637,0.7680768281843513,0
934,0.7683658952431348,0
840,0.7684548867474211,0
3680,0.7688574121888029,0
3251,0.7690642017350415,0
726,0.7691251558017476,0
1319,0.7696967656167183,0
2789,0.7702202550644904,0
926,0.7704499073039068,0
2012,0.770518563882845,1
3463,0.7710374731692411,0
1626,0.7710397093478029,0
1114,0.7714247808326217,0
4144,0.7716232300501809,0
5022,0.7716829094757771,0
4896,0.7717274392126211,0
4042,0.7719379817845005,0
3240,0.7726817709929155,0
1844,0.7734940439526115,0
427,0.7735327868535411,0
3329,0.7738306130011804,0
2314,0.7739554699169473,0
3974,0.7742654494179835,0
866,0.7743144369956942,0
64,0.774500769314049,0
3733,0.7749966259513502,0
893,0.775037539504439,0
3698,0.7754973491069005,0
3273,0.7756072863782603,0
1905,0.775877874776669,0
310,0.7759899344095418,0
2947,0.7761358556040729,0
1007,0.7763132911076489,0
4140,0.7765404751501309,0
679,0.7765646880284603,0
3706,0.7765769966127141,0
2093,0.7765905120942403,0
652,0.7766915578041776,0
1020,0.7771112898969337,0
4775,0.777186325036188,0
1011,0.7772156433647854,0
1688,0.7773019934948339,1
3415,0.777861677641082,0
4172,0.7782360620102157,0
3988,0.778276896353464,0
2107,0.7785827533255844,0
735,0.7787341126517007,0
3537,0.7788781335932046,0
721,0.7792206899228835,0
42,0.7793956104699056,0
477,0.7796495879142558,0
4336,0.780068579661476,0
852,0.7803396098485719,0
1946,0.7807833603369985,0
3667,0.7809453030908177,0
4314,0.7811112628136156,0
4711,0.7813414281648762,0
2329,0.7813646493604702,0
1024,0.7813709324409583,0
40,0.7816510216799242,0
591,0.7816599934050251,0
4100,0.7817239702069857,0
122,0.7818126704511432,0
1953,0.78192677201234,0
939,0.7819626294354973,0
1129,0.7820408007717622,0
4786,0.7822858485739406,0
474,0.7823291893553199,0
4138,0.782724605846437,0
1966,0.7827574165643805,0
3854,0.7828642591131891,0
3898,0.7829210510893644,0
140,0.783349336420491,0
1938,0.783684053142247,0
2210,0.7837324638748953,0
1105,0.7841408192817563,0
952,0.7841763447819132,0
816,0.784485602736395,0
1569,0.7848761164360863,0
3907,0.7850830045667855,0
4053,0.7853830533612777,0
733,0.7853965459997112,0
4232,0.7859422619594231,0
25,0.7862999801089564,0
738,0.786628715135638,0
1315,0.7867810807230383,0
84,0.7869505058920624,0
4783,0.7870745156748798,0
4970,0.7873228438370709,0
4148,0.7875076913426522,0
889,0.7875559177101966,0
4088,0.7876875622269447,0
1099,0.7877051846250821,0
3370,0.7877707424609514,0
729,0.7880148070353803,0
1045,0.7881779232722231,0
809,0.7882377373594471,0
4052,0.7886236335871036,0
489,0.7887983677888151,0
1054,0.7888508969905926,0
961,0.7889650244310418,0
3513,0.789128768184635,0
3471,0.7892513677447459,0
3401,0.7892915144792257,0
3684,0.7894817788225362,0
3266,0.7895764892415317,0
3496,0.7895982158156256,0
1879,0.7897729554647293,1
928,0.7899816088612863,0
670,0.7900531845367226,0
1061,0.7901749091716577,0
503,0.7906793317215682,0
1220,0.790823385519685,0
2658,0.7916670788034219,0
1500,0.7917958250911006,0
5059,0.791823368549399,0
1153,0.7918314788424428,0
2801,0.7919240767155544,0
4264,0.791966948169648,0
4441,0.7920722563164995,0
308,0.792177941559767,0
1649,0.7925030937216503,0
2118,0.7926150870833137,0
287,0.792669181626494,0
62,0.7926840512028075,0
899,0.7927733918312482,0
1030,0.7928660304983711,0
594,0.7930708229688476,0
3884,0.7931049568631114,0
4813,0.7934803439993127,0
545,0.7938054642785717,0
3138,0.794042718994526,0
3659,0.7943276659617177,0
800,0.7943797910024534,0
2457,0.7944470088279036,0
4562,0.7945033372805774,0
988,0.7945270540778163,0
3946,0.7945299465364901,0
1075,0.794636223918468,0
3281,0.7948132888143142,0
4574,0.7948586593091741,0
3711,0.7950874272786717,0
124,0.7952115909019584,0
3880,0.7955099206612197,0
2157,0.7955583312899449,0
2817,0.7955613538597585,0
3341,0.7955671465763658,0
823,0.7959809123193423,0
621,0.7964377437766892,0
2900,0.7964938385419836,0
1305,0.7966017568375865,0
4135,0.7967132832514041,0
633,0.7968535286159516,0
63,0.7970847199187524,0
1543,0.7971532359345478,0
101,0.7972534378766296,0
7,0.7976204999955887,0
4941,0.797760304006814,0
696,0.7979948879469471,0
1175,0.7980414091387065,0
701,0.7982225825587497,0
173,0.7984782151403913,0
97,0.7991469707073173,0
4927,0.7993140482539236,0
4963,0.7993444434002561,0
822,0.7994650470819793,0
3726,0.7996003084430301,0
790,0.7997136194301173,0
1922,0.7998351296504767,0
3285,0.8003599070851363,0
622,0.8004226817506571,0
1623,0.8004636910343954,0
5,0.800530687990596,0
3902,0.8006563274856761,0
785,0.8008256606201538,0
4545,0.8008471013177217,0
4139,0.8008624080629059,0
1631,0.800893672350219,0
4158,0.8011174588848475,0
788,0.8013052893810426,0
974,0.8017022547548283,0
1685,0.8017173131800521,1
5052,0.8018072560111683,0
3350,0.8022882891544467,0
5051,0.8023020058441702,0
4965,0.8025545626434324,0
1536,0.8028364284217213,0
4055,0.8029596778513459,0
909,0.80299887683904,0
3755,0.8031257555638021,0
4955,0.8031291260363825,0
1014,0.803131959394442,0
843,0.803317280692662,0
1607,0.8033607958238118,0
940,0.8040607227957642,0
1532,0.8042123806646808,0
4814,0.8042608998651681,0
3574,0.8043674577649661,0
3905,0.8044272246816598,0
3603,0.8044374892675795,0
3050,0.8047754196740742,0
28,0.8052111566736568,0
86,0.8053466001831253,0
3353,0.805400349404369,0
1906,0.8054825967240572,0
3909,0.8056834986630144,0
284,0.8057504577572124,0
2220,0.8060707034932183,0
467,0.8062457232632486,0
700,0.8062598954788358,0
554,0.8062919365530867,0
3961,0.8063641629058135,0
2958,0.8064606217806336,0
813,0.8064830819416214,0
3725,0.8067247422571102,0
3508,0.8070345971189463,0
4667,0.8073422372807588,0
3280,0.8073937736540161,0
4732,0.8075622960574773,0
96,0.8077797749352426,0
1091,0.8078807118937499,0
4746,0.8080482694416278,0
92,0.8081226524890327,0
1123,0.8081269484672983,0
23,0.8081869734792402,0
3466,0.8085344468493851,0
2007,0.8086869235046393,0
160,0.8088194173865151,0
1132,0.8088386619525226,0
1693,0.8089734634355569,1
2243,0.8091597946210545,0
618,0.8092723371968146,0
1949,0.8093462231834441,1
4642,0.8094381660529114,0
3374,0.8096770090272082,0
2165,0.8099118466078814,0
3399,0.8099120636157672,0
680,0.8100429388772794,0
3352,0.8102542456759727,0
13,0.8103672220182538,0
4607,0.810554295136496,0
3369,0.8105550244804622,0
850,0.8106137749488239,0
60,0.8107331698907358,0
3272,0.8107341192602379,0
936,0.8111443769675533,0
3829,0.8112984947468289,0
2274,0.8113100678030238,0
912,0.8113324622947518,0
833,0.8114797811875194,0
1310,0.811565427411934,0
4424,0.8116257929676077,0
4231,0.8117411364403103,0
689,0.8117451799138296,0
1304,0.811975857353826,0
381,0.8119912993283678,0
1047,0.8125922738324811,0
713,0.8125944412445053,0
1662,0.8127345881288454,0
147,0.812835154766013,0
3679,0.8129830611732183,0
4691,0.8132706518216076,0
1909,0.8133757793405986,0
2202,0.8135027100888326,0
1155,0.8142066706014033,0
2956,0.8145183830263631,0
981,0.8145430145236936,0
4928,0.81482399548634,0
3191,0.8151586547270424,0
1147,0.8152469535201153,0
4894,0.8152608552650701,0
2882,0.8153209187070894,0
4520,0.8154336978490376,0
901,0.8154920631680324,0
4215,0.8155988620550855,0
3094,0.8159694157895451,0
941,0.8160534411865145,0
1313,0.8162270226826088,0
4996,0.8162630197068758,0
1160,0.8163595897563268,0
4221,0.816428240687848,0
3994,0.816855487593757,0
521,0.8172122123769177,0
70,0.8172630048439694,0
3299,0.8173489017856832,0
4337,0.8174467492505832,0
2327,0.8174632399610962,0
4592,0.8175294259826679,0
2415,0.8180146135356844,0
45,0.8182162353327082,0
731,0.818521346840682,0
2331,0.8185355347909644,0
4504,0.8185453296995238,0
1505,0.8185545213948949,0
4178,0.8186819202001154,0
21,0.8188851499755326,0
3087,0.8189612695759316,0
827,0.8189752845776154,0
4525,0.818986669409157,0
529,0.8191581178842842,0
1936,0.8192550516386428,0
3655,0.8192855715457396,0
1306,0.8193511243619153,0
3812,0.8196859351060497,0
1913,0.8196910793454002,0
309,0.8199448269253143,0
1167,0.8202045959134538,0
2313,0.8203193073554461,0
4149,0.8204997733231596,0
963,0.8208886377150948,0
4550,0.8210051480589419,0
79,0.821150399132105,0
2252,0.8212806275813179,0
127,0.8213001227755804,0
4496,0.8214585480779077,0
1085,0.8215027673346684,0
4553,0.821806553848209,0
1916,0.8218827558924056,0
3516,0.8219231294444843,0
2142,0.8219275006736562,1
1238,0.8219792653872323,0
951,0.8220824013406638,0
1898,0.8224600721233427,0
332,0.8226331638918644,0
2795,0.8228908611449951,0
81,0.8229691962284199,0
4565,0.8229961269661424,0
1036,0.8230203995742972,0
5053,0.8230670091699364,0
1035,0.8230968751719201,0
1752,0.8232087012081427,0
6,0.823256484633826,0
953,0.8233329817995275,0
4718,0.8236069288833917,0
1650,0.8236900640653876,0
2236,0.8239275597805844,0
3896,0.8241164210669821,0
1974,0.8242314176313937,1
4530,0.8243735216188078,0
1901,0.8244209359275194,0
551,0.8244992278565527,0
146,0.8247732502756947,0
3935,0.8248702021510136,0
3153,0.8250120818802513,0
3690,0.8250536121698875,0
1357,0.8251613459121353,0
1667,0.8251868749436471,0
3365,0.8252270492697529,0
2891,0.8252658888741891,0
2137,0.8255661242055752,1
123,0.825849713697428,0
1022,0.8259325697677677,0
4177,0.8260880427346896,0
1894,0.8262077631310738,0
2618,0.8264025384298493,0
587,0.8264951195440985,0
3885,0.8267707567833747,0
3833,0.8269938644941639,0
2937,0.8270403044855343,0
82,0.8272529024890412,0
4201,0.8272765385152377,0
3940,0.8275415666250769,0
17,0.8276533891587851,0
4320,0.8279004281984156,0
222,0.8280538669429635,0
4223,0.8280715540211989,0
4675,0.8282433911214052,0
3987,0.8284013716848577,0
797,0.8285629630789807,0
1134,0.8286042747526042,0
3009,0.8290215942731797,0
647,0.8290814656212707,0
3558,0.8292804885195074,0
2323,0.8293069619620332,0
2161,0.8293443559840874,0
307,0.829435168362297,0
4945,0.8301616021799438,0
5009,0.830201464955815,0
385,0.8304744775061182,0
51,0.8305536498625434,0
4586,0.8306186529557685,0
1950,0.8307690614383333,0
1618,0.8310816232555038,0
4708,0.8314716524078946,0
4998,0.8314982702627652,0
2156,0.8315960230846744,0
1369,0.8316004757906821,0
2234,0.8316430757126139,0
3308,0.8317447257484252,0
719,0.8320163559561053,0
513,0.8322140736024278,0
3978,0.832244667122461,0
2053,0.83278231688816,0
1039,0.8328214747512223,0
1964,0.8330755063125997,0
3189,0.8331084209118368,0
30,0.8331462565147822,0
2421,0.8332416687056903,0
1673,0.8332522939545097,0
4334,0.8333288688068811,0
1591,0.8333945018402128,0
4200,0.8335831702320119,0
4481,0.8337011975021528,0
4716,0.833987487465759,0
1,0.8340248622534405,0
695,0.8340516139690279,0
1026,0.834107475681536,0
2718,0.8341499694072116,0
4944,0.83419913697872,0
1540,0.8344725632831078,0
3523,0.8346275968737813,0
2079,0.8347573003699194,0
704,0.8349198413687052,0
2796,0.8349444836942307,0
2875,0.8349608600185733,0
1181,0.8351469718148707,0
132,0.8352024265971609,0
4142,0.8352419107922582,0
1704,0.8353956495036491,0
4526,0.8355255957816019,0
2467,0.8357873003240854,0
3840,0.8359870172589999,0
397,0.8363105657505862,0
2267,0.8364815343882529,0
3529,0.8365448513545565,0
1325,0.8366496747484492,0
2006,0.8368297701500552,0
4623,0.8370350108173608,0
3670,0.8371388179716324,0
600,0.8373873742773905,0
88,0.8374518588996622,0
1963,0.8376771564092167,0
1985,0.8378260077153726,0
120,0.8381425721775702,0
3355,0.838355538905417,0
1843,0.838632966359597,0
3059,0.8387337065734337,0
2190,0.8387682228072222,0
1157,0.8389454198695863,0
4563,0.8390400214811351,0
378,0.8393840143300852,0
4564,0.8394578715416545,0
4676,0.8395120394603007,0
1669,0.8395901002400856,0
1902,0.839999974979679,1
2219,0.840023459699663,0
3487,0.8401261482190634,0
4210,0.8402250334154174,0
891,0.8402533289077195,0
2088,0.8404281285735294,0
4766,0.8405445933829104,0
4333,0.8407653075056134,0
4064,0.840790950056122,0
4071,0.8408132336281943,0
4083,0.8408287357579689,0
4166,0.8409309061429676,0
3841,0.8412369019734622,0
4273,0.8413099770813383,0
4294,0.8414366586367511,0
3490,0.8415654113925088,0
1659,0.8416406212891407,0
2515,0.8418475202283947,0
4755,0.841879560923732,0
971,0.8420121749587158,0
985,0.8421747544945507,0
1908,0.8421808881667971,1
3627,0.8423323710768038,0
4058,0.8425204803912967,0
1612,0.8425725625074952,0
872,0.8427213987769754,0
2192,0.842822572464695,0
468,0.8428574307539793,0
1037,0.8428924203171348,0
1038,0.8430473577677841,0
1706,0.8430622980379525,0
3423,0.8431620805172796,0
3136,0.8437099836517563,0
992,0.8438845445031802,0
1165,0.8439280847610053,0
4903,0.8439938997480755,0
143,0.8441372631424375,0
4742,0.8442068029560937,0
3480,0.8442878099268367,0
1146,0.8442907941398824,0
3316,0.844335270355436,0
4728,0.8444598661159362,0
4235,0.8444647614601652,0
570,0.844562509251853,0
1782,0.8445820605857797,1
1686,0.84473577077774,1
37,0.8447674947965326,0
3323,0.8448625765699745,0
960,0.8449475628035622,0
4697,0.844961699167611,0
4634,0.8450539343688133,0
90,0.8451758997598292,0
2009,0.8452631900533033,0
2403,0.8452708905657749,0
4227,0.8455314707427722,0
758,0.8455651626337679,0
4769,0.8459077475481145,0
4615,0.8461180421660168,0
3562,0.8465232405516773,0
3495,0.8468137067540554,0
2139,0.8472146262194324,0
94,0.847632125663385,0
3470,0.8480022570384969,0
676,0.8480498890179619,0
4950,0.8481269534807159,0
4580,0.8481285864591821,0
673,0.8482575635225332,0
4594,0.8487490919758505,0
165,0.8490347800730265,0
4628,0.8491263721636345,0
3194,0.849163899452292,0
915,0.8492455804636626,0
4211,0.8493132669221901,0
1559,0.8494693402538241,0
3115,0.849512870010649,0
4621,0.8496943690477297,0
4019,0.8501388801510534,0
4572,0.8503062845586145,0
1012,0.8507500640226361,0
2835,0.8508176244867734,0
3381,0.8509083542761813,0
4467,0.8509399102421303,0
4626,0.8510731260819706,0
3,0.8513057324762053,0
4535,0.8513191884712206,0
2966,0.8514058762727246,0
938,0.8517451858493612,0
1903,0.8518663827700343,0
328,0.8525548469689752,0
972,0.8526413259942889,0
4613,0.852683419853183,0
1196,0.8530075913596318,0
4497,0.8530949778007496,0
3848,0.8532965470177709,0
3750,0.8533293737460744,0
3274,0.8534809041400852,0
4606,0.8536438649730274,0
3767,0.8538761565504389,0
133,0.8540330930433973,0
1521,0.8540719147079322,0
4341,0.8542900382716764,0
663,0.8544234686257985,0
686,0.8545120257743292,0
794,0.8545665310258317,0
2322,0.8553256141461666,0
4152,0.8557299035401914,0
3797,0.8559242559047608,0
366,0.8561177710911937,0
666,0.8561821637275229,0
4086,0.8565222288845413,0
3120,0.8566061533650102,0
3364,0.8567458123384044,0
3498,0.8569388613763771,0
4145,0.8569532313598277,0
819,0.8569560819705789,0
98,0.8569853239495715,0
4161,0.8569892480228805,0
4499,0.8571689303408486,0
3343,0.8573332579266734,0
982,0.8574951650864503,0
1235,0.8575371427717633,0
3379,0.857573924807647,0
4747,0.8577618640130085,0
174,0.8577876622464841,0
4524,0.8578511200793947,0
2965,0.8578775290122618,0
491,0.8582953645016066,0
103,0.8584063464147393,0
2720,0.8585168151798541,0
935,0.8586821571546767,0
3491,0.8587033481834354,0
4192,0.8588942328032209,0
3345,0.8592662710510285,1
1680,0.8594663496072181,0
1352,0.8601465579187593,0
135,0.8603214249731618,0
3072,0.8603459211803552,0
2932,0.8604499514358753,0
4059,0.860484621197315,0
2879,0.8607017038301567,0
4066,0.860876794724932,0
1178,0.8612536087267652,0
4617,0.8615862710641143,0
162,0.8616528146767451,0
2289,0.8617700238780284,0
4744,0.861852181835432,0
3434,0.8620040900380337,0
3749,0.8622180788561291,0
4551,0.862250617089153,0
984,0.8623243712415385,0
1939,0.8625042659357549,0
557,0.8625264877854686,0
3477,0.8625299842851601,0
3077,0.8626304776935898,0
4677,0.8628357503343345,0
667,0.8628570841701855,0
3549,0.8630256520668331,0
868,0.863029816034263,0
995,0.8636269555838544,0
3651,0.8637998669235935,0
650,0.8639443611096531,0
107,0.8639903113263582,0
4602,0.8641584760987652,0
3914,0.8642817427837041,0
3133,0.8646192811769854,0
455,0.8647437881644953,0
925,0.8648853830299511,0
4540,0.8650605564763402,0
3557,0.8650631855333454,0
550,0.8655977696975551,0
4583,0.8657430430912567,0
3927,0.8658822462313132,0
1601,0.8660823355840543,0
527,0.8662437461868792,0
811,0.8662861148407287,0
1226,0.866378787388183,0
4512,0.8666037347602081,0
2806,0.8666993971985119,0
616,0.8667516543217318,0
3857,0.8667520067353102,0
3825,0.8668583700485752,0
2091,0.8669768069615007,0
2845,0.8671361903570388,0
4170,0.8672998789677185,0
2838,0.8676201745938705,0
2162,0.8676562153389648,0
2816,0.8677113760429612,0
976,0.8679338206084124,0
1303,0.8680613269961014,0
519,0.8683297894146259,0
4989,0.8684540196136049,0
495,0.8686341611766424,0
4762,0.8687990734636236,0
553,0.8688880703144702,0
605,0.8689502212449579,0
38,0.8690612295245851,0
4575,0.8691797855610383,0
765,0.8693516057614993,0
3028,0.8693768975337791,0
4338,0.8695020238153144,0
830,0.8695277641406903,0
4643,0.8697029426359849,0
2948,0.8700039218977086,0
3917,0.870234604234714,0
512,0.870323821564746,0
1549,0.8704187797879407,0
4578,0.8707687564616863,0
3716,0.8709172378979378,0
1658,0.8709309326017631,0
604,0.870999807079653,0
646,0.8711656507019844,0
1690,0.8713069601001122,0
3911,0.8717541709764532,0
4054,0.8720192732672791,0
2181,0.8720409716414609,0
883,0.8722796203248896,0
3668,0.8723746461364092,0
4511,0.8725783172877862,0
4759,0.8726484724044403,0
1148,0.8727765137744075,0
4588,0.8728319346804077,0
4498,0.8728469870263008,0
1912,0.8728580833447336,0
2800,0.8730881962163553,0
3947,0.8731224646777427,0
3589,0.8734165904266944,0
4321,0.8734442176101344,0
3456,0.8735280266939754,0
4957,0.8735437868371891,0
784,0.8735723963658076,0
31,0.8735745387729441,0
3106,0.8737183432974444,0
4605,0.873730911178227,0
2837,0.8743208739512338,0
4585,0.8745462140574922,0
77,0.8746189234566465,0
1657,0.8746589407857069,1
3607,0.8748470193429597,0
4254,0.8749316454613657,0
1280,0.8750404692845369,0
1041,0.8751227543340651,0
3208,0.8755303063760875,0
3331,0.8757153667283762,0
707,0.8761498265351801,0
2729,0.8761525369810144,0
4724,0.8761820401371662,0
4757,0.8762289635927983,0
1646,0.8763528266874389,1
4267,0.8766186206420696,0
4216,0.8767398355460568,0
4265,0.8767945853421002,0
213,0.8768562146901868,0
1977,0.8769061312700729,0
2526,0.8769942348175964,0
4343,0.8770519462655589,0
4539,0.8770726358917624,0
2984,0.8771103022891388,0
1078,0.8774121537098939,0
4576,0.8775336047532393,0
3124,0.8777081826468511,0
740,0.8777638382357629,0
3650,0.8778659295513841,0
1343,0.8778743333325437,0
4706,0.8778792098100732,0
4501,0.8779142435274148,0
4573,0.8780062468703416,0
2946,0.8780171146432525,0
2413,0.878443334897756,0
3692,0.8785757352726088,0
2244,0.8786008255489003,0
4700,0.8787278894643207,0
2915,0.8787507126428663,0
1635,0.8787633524631354,0
3443,0.8789877379976034,0
3226,0.8790102496847882,0
4521,0.8792243100520338,0
1210,0.8792524411632829,0
906,0.8793091413851848,0
4624,0.8794144659375969,0
4673,0.8794352261203752,0
4529,0.8796968332427472,0
2176,0.8798789567668547,0
973,0.8800204581055595,0
1230,0.8801036489918725,0
4730,0.8801516508197127,0
518,0.8802549000131792,0
4756,0.8806322317503842,0
4234,0.8806699018951121,0
4609,0.8807333684516748,0
3730,0.8809819235640692,0
942,0.881048586617691,0
3656,0.8810862277624224,0
1174,0.8811548251905,0
1195,0.8812448044998308,0
1073,0.8814300667636411,0
48,0.8815847163286799,0
970,0.8817071796699739,0
3989,0.8820350537189662,0
2324,0.8821041505108412,0
759,0.882261022365639,0
2451,0.8822956116113685,0
4289,0.8823102754786096,0
4566,0.8823115743557511,0
1511,0.8824215381235537,0
3371,0.882963011584176,0
1921,0.8830079300207571,0
3933,0.8830674854751253,0
4701,0.8833944640417105,0
1538,0.8836441280843667,0
108,0.8837202818559164,0
4381,0.8837763613266486,0
1029,0.8838971361705658,0
4947,0.8839290360950991,0
5017,0.884135662775783,0
659,0.8842435738233544,0
3942,0.8844314710171884,0
4546,0.8844333392186675,0
1670,0.884505651638811,0
547,0.8848188152939929,0
1605,0.8848275920579113,0
3592,0.8848435577360041,0
4681,0.8851798181009374,0
3292,0.885215759357042,0
3888,0.885463271851431,0
4089,0.885790515534512,0
4515,0.8859029801431522,0
4544,0.8859309098645759,0
552,0.8860005321803858,0
1043,0.8860802744299755,0
561,0.8862344091733891,0
4692,0.8863098557965321,0
1951,0.8865473736358414,0
4514,0.8865950573842257,0
4288,0.8866179064528669,0
542,0.8866746785532436,0
53,0.8866911352663868,0
4505,0.8867044712714104,0
3290,0.886728013729169,0
4702,0.8867918725187903,0
4098,0.8868501948074075,0
2925,0.8871995416510549,0
4737,0.8873436236668917,0
170,0.8873853045159376,0
2814,0.8877398080379635,0
3601,0.888112623929955,0
3826,0.8883062242743146,0
2200,0.8883932029311884,0
723,0.8884796889384072,0
3722,0.8885231878191067,0
1354,0.8886940443321001,0
4629,0.8887122673263518,0
882,0.8887458262602301,0
1108,0.8887632921149379,0
943,0.8891408296661214,0
2728,0.8892391731900295,0
4750,0.8892401997555356,0
4635,0.8898031676969781,0
4785,0.89019511846474,0
4298,0.8902054630635143,0
880,0.8902254299181411,0
4548,0.8902274571119486,0
4596,0.8902915392878344,0
638,0.8904256016857924,0
1992,0.8905211237874429,0
4506,0.8906615984519392,0
3771,0.8906702583443302,0
4689,0.8907027086689453,0
315,0.8907083287125693,0
4726,0.8911452372471967,0
1557,0.8915692025972127,0
2759,0.8922378618931399,0
3263,0.8923554678448262,0
2980,0.892361746207135,0
4693,0.892681273943235,0
3109,0.8927511896355376,0
3583,0.892995379452544,0
499,0.8930464205943773,0
1572,0.8931020313158485,0
1555,0.8931083323107762,0
4577,0.8931314726577684,0
3131,0.8932428187345592,1
3894,0.8932692239697391,1
3653,0.8934192159958672,0
4242,0.8934284362729045,0
4527,0.8934524772934712,0
1128,0.8935384824557863,0
4500,0.8936804233351044,0
33,0.8938014956169672,0
1342,0.8939986810279024,0
1594,0.8940428219903959,0
2737,0.8940684094840488,0
4599,0.8941063960033541,0
3998,0.8941081958006822,0
668,0.8942529426050218,0
4308,0.8945299388775484,0
4581,0.8948090100832921,0
851,0.895044195717746,0
2950,0.8950906550350828,0
316,0.8952632600869098,0
3176,0.8953180400124108,1
1309,0.8953680643069443,0
4685,0.8955975583077296,0
1923,0.895849519007191,0
614,0.8959155694662692,0
3972,0.8959807508461943,0
4699,0.8961543450990127,0
4542,0.8961997054893993,0
3617,0.8965284042472004,0
3184,0.8965543171832491,0
4157,0.8965727958768207,0
904,0.8967426806487625,0
2409,0.8968882683505843,0
2328,0.8969142225437613,1
4508,0.8969426462320178,0
3865,0.8973785888223536,0
4907,0.8974389033827394,0
4286,0.8974968500555218,0
4203,0.8975538688427313,0
4770,0.897604671723497,0
2739,0.897680285236735,0
4507,0.8976983115953963,0
4160,0.8977383188601925,0
4646,0.8979014093410982,0
3954,0.8981946402908166,0
4968,0.8982517444265846,0
4475,0.8983769195260741,0
4579,0.8986156383093291,0
752,0.8988826187772845,0
80,0.8989215462131889,0
2098,0.8989866714288134,0
3256,0.8990497988372552,0
3872,0.8990947409554233,0
2511,0.8991095866471572,0
703,0.8991362486362863,0
4555,0.8994032891614029,0
4636,0.8996030653571879,0
874,0.899877287211424,0
2750,0.8999061669629754,0
3309,0.9000274462096878,0
4168,0.9000488988398831,0
832,0.9000534673230002,0
470,0.9001576994908495,0
4567,0.9003059003872043,0
4610,0.9011396853479506,0
1015,0.9013340453035087,0
3534,0.9015147117736224,0
4608,0.9017740150119133,0
4735,0.9018224292117508,0
4723,0.9018947726857232,0
4528,0.9020988710109553,0
3144,0.9023502446078633,0
724,0.9024327962042382,0
1973,0.9029392501291909,0
4652,0.9030003302854716,0
644,0.9030735411047957,0
1185,0.9036360150988542,0
1533,0.9037623235656191,0
3625,0.903861861429122,0
573,0.9038932887522508,0
3063,0.9040129353533958,0
1647,0.9044080727071859,1
896,0.9047346100813192,0
916,0.9047364910659996,0
4598,0.9048991406314647,0
1127,0.9049389741401643,0
4672,0.9050499464576294,0
949,0.905241263015752,0
4666,0.9055822984078652,0
3793,0.9058358075326393,0
3539,0.9058707685384115,0
4077,0.9059220825206892,0
2885,0.9059631085014102,0
4929,0.906054635214507,0
4442,0.9060609606059085,0
2018,0.9063542341083317,0
3420,0.906569831506884,0
4552,0.9065781703737467,0
3026,0.9065840344921441,0
379,0.9067304308131878,0
1079,0.906743264580641,0
2809,0.9068991411994815,0
4569,0.9069235737860064,0
913,0.9071830919976218,0
930,0.907263356615379,0
49,0.9073179011733227,0
4776,0.9073492389811763,0
4768,0.9074202523779651,0
3336,0.9074296002271504,0
2898,0.9076893677956841,0
1335,0.9076933005366723,0
4733,0.9077416428246805,0
4561,0.9078813934095171,0
3351,0.9081906687403982,0
4651,0.9082027698374728,0
4365,0.9085032481111028,0
692,0.9085302791444617,0
4745,0.9087140943494944,0
805,0.9087955600464189,0
4590,0.9089269991090706,0
4734,0.909095721452057,0
4631,0.909152371044733,0
136,0.909205098903127,0
239,0.9092922457969889,0
3181,0.9093916249080426,0
3838,0.9095187999335722,0
3016,0.9096338913359533,0
3132,0.9098273062401306,0
762,0.9098933219045297,0
130,0.9099081508832134,0
924,0.9100138083955398,0
1683,0.9100660596611758,1
601,0.9106590192655286,0
1170,0.9107048622955022,0
1101,0.9109336012447443,0
1072,0.9110175929067141,0
858,0.9110440218460253,0
4695,0.911106621285546,0
110,0.9112419228410091,0
820,0.9113817882620855,0
803,0.9114912636681413,0
4995,0.9115990006796484,0
1044,0.9116769004060384,0
4774,0.9117820139623058,0
3027,0.9118173016400136,0
4024,0.9119653952336296,0
4248,0.9119799648314362,0
4557,0.9123361194181621,0
4614,0.9124917641761807,0
3157,0.9127992955755508,0
2803,0.9129965514203967,0
4556,0.9131348002293145,0
3579,0.9132798830317154,0
3324,0.9133260057079361,0
3247,0.9135186668557619,0
3319,0.9135994485174747,0
2456,0.9137057379315916,0
4680,0.9138768312092143,0
3183,0.9139057082285343,0
2021,0.9140980494058606,0
2154,0.9141802587615987,0
4712,0.91446499010873,0
897,0.9145188369253238,0
3435,0.9145224182424763,0
2700,0.9146475336497769,0
1057,0.9148844396199507,0
3700,0.9152870018182655,0
2014,0.9154236207959515,0
1270,0.915837519582951,0
324,0.9160058430454119,0
722,0.9161013109122849,0
1311,0.9161647987411093,0
500,0.9165452996070849,0
4719,0.9165875185914827,0
4729,0.9166181992329816,0
903,0.916651014757854,0
303,0.9167661274912373,0
862,0.9168714032306722,0
2830,0.9168830968317623,0
3567,0.9176157506906719,0
2476,0.917691524047309,0
2276,0.9178852094639653,0
3175,0.9179497031763783,0
202,0.9182065843769219,0
2382,0.9185696297671918,0
4522,0.9185872722281401,0
3394,0.918739563519331,0
4582,0.9188775968177557,0
3002,0.9189326009803089,0
4696,0.9189393767040206,0
753,0.9189640213853969,0
3022,0.9190531425367834,0
3197,0.9190590998188376,0
1886,0.9192378048213897,0
568,0.9194521666745464,0
1318,0.9195398052940178,0
3018,0.9196316696217133,0
3235,0.9197553571626718,0
2258,0.9201959196083352,0
2452,0.9208451146446331,0
844,0.920947648223814,0
515,0.9209619726906946,0
716,0.9210538903780716,0
4765,0.9211017400226366,0
3958,0.9211612622443226,0
2630,0.9213712224345011,0
1891,0.9215643660325755,1
46,0.921863850966685,0
596,0.921879177792102,0
4710,0.9218879027582443,0
1359,0.9219783804043463,0
1159,0.9222006656137058,0
3005,0.922407967470229,0
2417,0.9225739523364778,0
1370,0.9228322006905101,0
773,0.9229167890581867,0
4754,0.9230387791821747,0
4668,0.923047926339479,0
4374,0.923347875691763,0
1145,0.9233765210847396,0
1750,0.9234040536718298,0
528,0.9234311526070226,0
4261,0.9234576152617775,0
3134,0.9237009897535765,0
4519,0.9240610251186852,0
3001,0.9241040951451093,0
1517,0.924465181066043,0
4703,0.9245207232697873,0
4618,0.924608426105876,0
4067,0.9251053479277601,0
19,0.925339045237173,0
4725,0.9253858511337135,0
1598,0.925467979201172,0
3163,0.9256649632902915,0
965,0.9257241836320153,0
4694,0.9258393328076865,0
706,0.9258419444587626,0
3116,0.9264331222214807,0
4639,0.926487817766282,0
3095,0.9265718943091549,0
3051,0.9267547753203789,0
1624,0.9269380613456549,0
4245,0.9270798535167081,0
3424,0.9273544645925584,0
2973,0.9273655418091935,0
2493,0.9273868413534665,0
1113,0.9275781711517226,0
857,0.9276438810290066,0
4763,0.9278211971777202,0
1070,0.9278889784125975,0
3735,0.928181653693254,0
2549,0.9285593032955313,0
4060,0.9293147976097699,0
4678,0.9293831045916744,0
1312,0.9294618301173591,0
3772,0.9297286097240325,0
887,0.9297581279866288,0
4027,0.9300877816734675,0
603,0.930293427196787,0
555,0.9306098243935802,0
1013,0.9306637141830116,0
1634,0.9307452914040836,0
4736,0.930748933330283,0
3901,0.9307592748728231,0
4761,0.9309049816178308,0
3214,0.9309623850325077,0
2929,0.9309666870895204,0
4074,0.9312070706098107,0
1084,0.9314979032998588,0
1707,0.9315501261231467,0
1675,0.9315719174200546,0
237,0.9316542212434552,0
1351,0.9317018290399014,0
4705,0.9317448220690099,0
1651,0.9318511391881144,0
2955,0.9318780665823719,0
4720,0.9323049024849318,0
4690,0.9324417545300014,0
4571,0.9325568495335833,0
3307,0.9327893401277212,0
4516,0.9329235576124308,0
3260,0.9330970610275529,0
1520,0.9333332967824931,0
801,0.9335900838910636,0
2290,0.9338434895203667,0
4669,0.9339524768016895,0
2976,0.9339585231968425,0
236,0.934027140083346,0
3428,0.9341867981230649,0
898,0.9341891232397448,0
994,0.9343537167099337,0
1846,0.9344487030279006,0
4503,0.934683862187602,0
4740,0.9347082402389546,0
2764,0.9348997970654367,0
4679,0.9349432524395107,0
3676,0.9350213680305176,0
751,0.9353216937855396,0
1224,0.935620993699569,0
3831,0.9361044744999659,0
1033,0.9362238720714716,0
2395,0.9364715680412223,0
102,0.936818157337845,0
610,0.9370610332127753,0
4937,0.9372396072899895,0
849,0.937263804385093,0
2095,0.9375494561153157,0
4319,0.9375633880298079,0
4029,0.9378152841266819,0
1652,0.9378154410508222,0
4541,0.938007740646857,0
3822,0.9380145452202246,0
4549,0.9380740814942405,0
1469,0.9381534368890658,0
4534,0.9382038313844279,0
1502,0.9383108959160685,0
2213,0.9383844816792817,0
3455,0.9384461422605749,0
2940,0.938561767073301,0
2839,0.9386632017956198,0
1417,0.9388639853749723,0
2748,0.9390088765108562,0
664,0.9392005758828148,0
4781,0.9393928777722903,0
3784,0.9395920743635896,0
114,0.9396079766067554,0
4026,0.9396862862926143,0
4664,0.9398311274944908,0
2565,0.9398438787383578,0
544,0.9399013938743607,0
5008,0.939902613546258,0
4777,0.9407902016998387,0
3952,0.9410257746227636,0
2957,0.9410297635906703,0
1328,0.9411148260861363,0
3092,0.9411757339276764,0
2979,0.9412157802453669,0
1937,0.941395689164324,0
2270,0.9418729788891609,0
582,0.94198599526527,0
3427,0.9420193722011632,0
4698,0.9423535791624805,0
2434,0.9424128893401089,0
4622,0.9425163413440093,0
4084,0.9425291929681009,0
3071,0.9425890275495963,0
492,0.942672394087216,0
2275,0.9430125552992038,0
581,0.9430246083861872,0
4739,0.943097148282379,0
3774,0.9436406208583463,0
2506,0.9437222093487433,0
534,0.9437312050352157,0
3441,0.9437950400359149,0
4589,0.9439371541802144,0
291,0.9440083318746223,0
4044,0.9440547877832506,0
4533,0.9440891625111367,0
929,0.9441983703584941,0
514,0.9442934514037293,0
634,0.944314329204188,0
2293,0.9443703681263625,0
3170,0.9449005777274466,0
693,0.9451538107401863,0
1016,0.9452590626386529,0
4600,0.9453665021812354,0
546,0.9458943645566689,0
3152,0.9459542653637727,0
1632,0.9460752104522916,0
657,0.9461997426889817,0
71,0.9462407736272553,0
5054,0.9462762351820149,0
1640,0.9463670170800216,0
118,0.9463760831134055,0
3941,0.9467610680246498,0
1176,0.9468908270747822,0
1333,0.9474051857668845,0
1928,0.9475706374047568,1
1525,0.947602026120139,0
549,0.9476866086557499,0
4688,0.947778698058251,0
4616,0.9479018996322507,0
4587,0.9479663980386901,0
1585,0.9479684847270742,0
131,0.9479774739950043,0
4644,0.9481512372073828,0
533,0.9481933986816765,0
3058,0.9483549871005884,0
4619,0.9483893363645969,0
1182,0.9483938917294849,0
562,0.9484027972346647,0
1286,0.9489359559085899,0
3108,0.9491351271676687,0
3258,0.9496819429271165,0
4559,0.9498508437553556,0
109,0.9499452533252403,0
2736,0.9505771205528699,0
32,0.950586230789788,0
875,0.9506268472720107,0
1050,0.9506704969853665,0
691,0.9508229314400407,0
567,0.9508573350905107,0
2425,0.9509436023086897,0
2248,0.9509571138156124,0
754,0.95107698777369,0
3264,0.9512646677638993,0
1957,0.951355685460458,1
2069,0.9515209700830174,0
4751,0.9515415044341121,0
3433,0.951892979292587,1
2217,0.9519772222187111,0
4315,0.9521734781388512,0
3105,0.9524720662364462,0
3169,0.9526387885087342,0
687,0.9527378294721912,0
3834,0.9530184123676927,0
4189,0.9530295201048623,0
3582,0.9530788555713696,0
4047,0.9536598496417374,0
894,0.9538329226635561,0
4612,0.9539103700132798,0
1301,0.9539779184847115,0
4316,0.9539843342813715,0
2218,0.9542911321292669,0
3234,0.9543139653604873,0
806,0.9543190943661416,0
2811,0.9543703175679775,0
3327,0.9544142666287343,0
2661,0.9546475465090801,0
8,0.9548136457146205,0
4749,0.954834702210944,0
2846,0.9549003837591996,0
1186,0.954942660855627,0
3816,0.9550714562732864,0
249,0.955251484227689,0
1322,0.9553767599958223,0
957,0.9553987754989129,0
1092,0.9554389519488098,0
556,0.9555166257070228,0
2968,0.9557585940288917,0
2916,0.9557972537505195,0
4495,0.9559518902021388,0
3476,0.9560557698661455,0
3462,0.9565198323719304,0
1638,0.9566937545933648,0
2133,0.9568449552301498,0
35,0.9568706982071294,0
2237,0.9569172279284603,0
3252,0.9570420782021566,0
4109,0.9570860676848364,0
119,0.9571395749588215,0
3426,0.9571395902207658,0
760,0.9571562171325367,0
885,0.9572618703936174,0
2268,0.9574718774457673,0
3538,0.9576575754327966,0
480,0.9578690480393055,0
675,0.9579750380507283,0
4262,0.9583224198216701,0
4707,0.95844159281347,0
884,0.958463878091986,0
233,0.9589448051691738,0
1042,0.9590401292725528,0
5023,0.9590551130201126,0
619,0.9592254712268838,0
869,0.9592984919653124,0
1945,0.9594441364455288,0
2920,0.9596627211918616,0
3555,0.9597793274643246,0
911,0.960027013599933,0
3213,0.9601310581353796,0
728,0.960146917306562,0
509,0.9601507311267381,0
791,0.9603674282217574,0
3531,0.960377211008036,0
159,0.9605436780478355,0
540,0.9606217384432177,0
4900,0.9606823421998577,0
3805,0.9607014710494161,0
1209,0.9609543879146945,0
348,0.9609932710683642,0
2951,0.9613559794090665,0
4604,0.9620805862486093,0
3255,0.9621406886617972,0
74,0.9621746435733227,0
1512,0.9624684124441617,0
766,0.9624904589702031,0
1316,0.9625492425328427,0
411,0.9626967974633558,0
3671,0.9629711786346191,0
1900,0.9630121178641201,0
1371,0.9631999697243316,0
3602,0.9632628398492548,0
126,0.9634261745563707,0
3210,0.9637721123269188,0
2418,0.963855130574668,0
834,0.9639780059334383,0
990,0.9640674780452283,0
4050,0.9644339261134875,0
1008,0.9644980541088229,0
3746,0.9645183808849853,0
2008,0.9646377839104149,0
741,0.964819708670867,0
4741,0.9649219959599458,0
1152,0.9649786665086896,0
4269,0.9652248694556856,0
1025,0.9653951597049714,0
4346,0.9655221993061054,0
4510,0.9655675147945473,0
1005,0.9657537708389412,0
1001,0.9658483164193058,0
763,0.9659103309359794,0
3259,0.9660936410631183,0
1989,0.9661911839474142,0
3283,0.9665064576210128,0
2933,0.966581277092259,0
4738,0.9666148450653258,0
4714,0.9669259115487364,0
3622,0.9670305317580257,0
3560,0.9671379263580718,0
1006,0.9671768698565053,0
516,0.9673356184735391,0
4704,0.9673990687744055,0
3757,0.9678201498798873,0
2308,0.9678534624148096,0
648,0.9679466363516656,0
4649,0.9679765069078925,0
793,0.9680992944367772,0
461,0.9681872706364981,0
749,0.9682888429675163,0
3747,0.9686452372347606,0
743,0.9688471681796859,0
398,0.9688601342458532,0
708,0.9690864242434041,0
1058,0.9691104679639545,0
2991,0.9691405111610939,0
128,0.9691914495299109,0
1497,0.9696963901466059,0
3447,0.9697541099446074,0
5012,0.969949598023706,0
2999,0.9702772574824365,0
4116,0.9703262451156037,0
4028,0.9707800609173924,0
1051,0.9710904022763057,0
1976,0.971617692707028,0
1482,0.9717091202567948,0
838,0.9717824993307264,0
4368,0.9719736077156339,0
2945,0.9722565387235167,0
2001,0.9722586889035362,0
1164,0.9723292439595402,0
1211,0.9725668330676999,0
888,0.9730975298451644,0
4345,0.9733223937057897,0
4113,0.97347961251379,0
4020,0.9735822885514763,0
2040,0.9737492957158108,0
3678,0.9739922920524677,0
2232,0.9740571394535333,0
4348,0.9740840642715528,0
4925,0.9742469451923484,0
3156,0.9748196990145959,0
1349,0.9749906493196396,0
2812,0.975314048176511,0
4164,0.9753232978795939,0
2412,0.9753325163872671,0
483,0.9753454622872988,0
1069,0.97548050349256,0
4959,0.9757425054607193,0
1496,0.9757531382491191,0
3882,0.9758374036022874,0
640,0.9760946921430775,0
3581,0.9765634387754742,0
10,0.9765694455333809,0
2953,0.9766200616165773,0
1389,0.9766345638570618,0
3073,0.9766927512584523,0
2820,0.9768075264730204,0
4538,0.9770433120240793,0
478,0.9771808017903991,0
3800,0.9772065882919059,0
4650,0.9772172151464457,0
3150,0.9774319926849308,0
4560,0.9776458991346382,0
473,0.9776873681834719,0
3279,0.9780145184399445,0
3103,0.9784450746710722,0
4479,0.9784707270350953,0
1184,0.9784990167337946,0
3576,0.9785473048151158,0
3775,0.9790100354783964,0
3082,0.9793028339208673,0
2266,0.9795836521241063,0
4686,0.9797188795972336,0
1207,0.9797786973389907,0
1049,0.979807052652689,0
1166,0.9799457359851814,0
2703,0.9802439859062735,0
3802,0.98025914189068,0
276,0.9802845389929421,0
4012,0.9808263157924995,0
1151,0.980923750746789,0
4276,0.9810255827777614,0
876,0.9811985422848638,0
865,0.9812632234456274,0
802,0.9815698844152867,0
1926,0.9815731932700194,1
748,0.9816502708954769,0
2450,0.981931846902019,0
4252,0.9819505103233029,0
771,0.9824093896943838,0
2288,0.98258785667269,0
1668,0.982735819100901,0
3611,0.9828697978533526,0
625,0.9832000523298435,0
798,0.9832354472253049,0
3658,0.9832516940926348,0
983,0.9835394215196344,0
2273,0.9837016120284848,0
2954,0.9837376730605686,0
2930,0.9837934615760471,0
1960,0.9839009817930858,0
3380,0.9840025932290232,0
602,0.9840622531041707,0
2061,0.9840925991747719,0
204,0.9846722325389788,0
2963,0.984903142346299,0
1627,0.9850107779323171,0
1925,0.9851409280113641,1
1198,0.9854271613216387,0
4637,0.9856430858130802,0
1441,0.9856487352161055,0
3372,0.9859294520547989,0
1231,0.9861633031678496,0
4096,0.9863234557655475,0
1180,0.9864576005259489,0
246,0.9865744059402408,0
775,0.9867265628619719,0
727,0.9869504719003483,0
3606,0.9869665458916479,0
3481,0.9869767288564242,0
2054,0.9870084646144734,0
2987,0.9871848620642327,0
3393,0.9872561078745191,0
1666,0.9873962122338532,0
3897,0.9875068540987492,0
3661,0.9878702875254868,0
1217,0.9878836586662972,0
642,0.9880164285019394,0
4008,0.9882252565975294,0
3348,0.988242132690972,0
2141,0.9883538729209057,0
4830,0.9884125988981605,0
3517,0.9885152106917308,0
5019,0.9886398561760084,0
158,0.9889686218523815,0
501,0.9889701157885146,0
4222,0.9894877595340961,0
112,0.9894954079125655,0
89,0.9895366386087706,0
301,0.9897167539577663,0
3122,0.9899801994808475,0
3418,0.9900096115975748,0
886,0.990085830730528,0
1499,0.9906821419020413,0
4518,0.9907974315283482,0
4902,0.9908245580833596,0
377,0.9911093392340089,0
1337,0.9913583802640564,0
697,0.9913830665234388,0
3681,0.991452098680777,0
2404,0.9915817737483079,0
3013,0.9915950889481844,0
152,0.991733643465525,0
4748,0.9917453204026612,0
4219,0.992542169081966,0
428,0.9925736395421614,0
662,0.9925912731668745,0
3593,0.9925939434451396,0
43,0.9926499374536386,0
980,0.9930891953490842,0
4411,0.9931187074511527,0
3190,0.993267033177475,0
2002,0.9935262813287149,0
4603,0.9935325030930179,0
4005,0.9937635698711246,0
3475,0.9938927205232049,0
3830,0.9941584636370325,0
828,0.9942607085200935,0
2697,0.9944035374059972,0
655,0.9947582868791557,0
531,0.9947600409184003,0
3237,0.9948298295558466,0
1471,0.9948730185492913,0
999,0.9948828218714278,0
39,0.9951957548263806,0
2147,0.9952491452922676,0
68,0.9956225946693703,0
3875,0.9957300918469744,0
3573,0.9958712724791062,0
3416,0.995966566423952,0
2844,0.9959982308404611,0
423,0.9961544500801792,0
2928,0.9962724467771752,0
918,0.9963009920576071,0
1221,0.9963267958799455,0
4687,0.9964595085459181,0
2196,0.9965718469313662,1
1140,0.9967869387939945,0
1660,0.996829884209276,0
3647,0.9968924511705132,0
1096,0.9971084969816358,0
1695,0.9971350424976814,0
1074,0.9972177810480286,0
2221,0.9974098971253827,0
4186,0.9977349527471197,0
52,0.9977354067164528,0
4597,0.9978068094742599,0
559,0.9980491073936631,0
1143,0.9980709672145726,0
3440,0.9981039235850194,0
3383,0.9981296460282342,0
4684,0.9981391493599767,0
4335,0.9981919766348555,0
3742,0.9982218594466409,0
810,0.9982684078284877,0
4340,0.9984665647580633,0
3242,0.9985047113185307,0
1004,0.9986429416597545,0
4046,0.9986745489861384,0
3823,0.9987981473330748,0
67,0.9989964823302822,0
4913,0.9992118482626178,0
1586,0.9993011999133516,0
2855,0.9993710731470281,0
4627,0.9994127256007255,0
507,0.9994847091929169,0
856,0.9995987586588173,0
4721,0.9996178143326744,0
571,0.9997357932112628,0
3139,1.000372317314454,0
3518,1.00045313571054,0
848,1.000485382862057,0
2810,1.0007556392815102,0
1282,1.0009440779468097,0
3723,1.0011681446417915,0
4282,1.0012163328026116,0
1179,1.0013229894570161,0
684,1.0013334336379835,0
1694,1.00143279089118,0
3029,1.0018303076109467,0
4330,1.0018485525306242,0
1679,1.0022984823930936,0
55,1.0024822766416668,0
3121,1.0026810049809711,0
2685,1.0027521704982554,0
3101,1.0028814607922931,0
599,1.00298507619037,0
2166,1.0029929870654184,0
1355,1.0031011230931821,0
4792,1.0032252439455722,0
2681,1.0033560388671225,0
1570,1.0034843095949386,0
1102,1.0035517011041009,0
1285,1.0035796220153204,0
1796,1.0038929997428738,0
2083,1.0041487204799173,0
1560,1.0042140367398007,0
4661,1.0043475121305385,0
5005,1.004620821780001,0
2330,1.0047337796633435,0
1697,1.0047865131831903,0
338,1.004815365503658,0
4819,1.005236678012754,0
3398,1.0052396718822754,0
3522,1.0052560742130063,0
1832,1.005350024462817,0
4967,1.0054724283377683,0
506,1.005554453172389,0
1068,1.0057799323396506,0
1384,1.0058354998895536,0
863,1.0059438366900344,0
1400,1.0060548960012619,0
2226,1.0061300765911207,0
1510,1.0068230723346212,0
3412,1.006953744045308,0
737,1.0071545177741499,0
688,1.007216176568583,0
3052,1.0072960336333148,0
1060,1.0075314825306387,0
4405,1.0075533335876679,0
4938,1.0075935148340458,0
808,1.0077785386357239,0
3769,1.0082040711966878,0
4444,1.008236161002027,0
4322,1.0083154151308025,0
5060,1.0084595470442217,0
3526,1.0086019889655369,0
4206,1.008765751615034,0
4943,1.008785063784392,0
373,1.0089189082903391,0
3633,1.0089201676438548,0
4471,1.0089522544436336,0
145,1.0089913870485274,0
58,1.0092361766517979,0
1297,1.0095040930284316,0
2024,1.0096315649511567,0
812,1.009821891802669,0
4956,1.0099232595662766,0
3578,1.0101873646104205,0
3618,1.0102469502696254,0
3883,1.0106387456898613,0
4057,1.010710363698837,0
565,1.010770129481733,0
3685,1.011003047825345,0
95,1.0110079391329816,0
3654,1.0117753980055417,0
3717,1.0120166236902504,0
3174,1.012056990034947,0
5014,1.0124485803457293,0
4187,1.0127852241526196,0
3276,1.0129516280299673,0
3031,1.012959659359733,0
1088,1.0130611976295922,0
4536,1.0134700285409806,0
3594,1.013620635428138,0
4175,1.013777632529437,0
252,1.0137894373666678,0
4727,1.0139326608023236,0
2235,1.0139956731662019,0
3315,1.0140107642805858,0
1506,1.0140436066200291,0
4307,1.0142907514283022,0
5020,1.0144415689771986,0
2923,1.014453142218458,0
4570,1.0147918145790524,0
2967,1.0150331698099146,0
2880,1.015198261552003,0
4760,1.015334296632252,0
2388,1.0155325104570525,0
1288,1.0156141406210804,0
641,1.0156748356739267,0
4933,1.0156808370112056,0
3851,1.0157835909358777,0
2997,1.0158117556448547,0
2992,1.0159675801684231,0
1192,1.0164280879512246,0
1596,1.016680509411692,0
1302,1.0167882920280806,0
1546,1.0173119402916542,0
362,1.0175694043888408,0
2503,1.0175909288720257,0
3832,1.0175932171122666,0
4075,1.0176301393232412,0
1139,1.017760999373696,0
523,1.017791617707762,0
1929,1.018044579041883,0
1896,1.0181521768621538,0
2310,1.0183152306767718,0
1972,1.0183646063779925,0
3507,1.0183850568953852,0
2840,1.0185296210785797,0
4788,1.0186672829017347,0
3119,1.0188960458116108,0
2215,1.0193857023606814,0
3038,1.0194935847981104,0
1665,1.019761934527972,0
1149,1.019863591429268,0
121,1.019992483410752,0
1561,1.0202044788085343,0
1350,1.0202047135333612,0
2943,1.0202829705752183,0
873,1.0205135621782824,0
3945,1.0205348657696505,0
1087,1.0207286626556322,0
2222,1.0207579263032174,0
4274,1.0208302398715736,0
4940,1.0208532789802174,0
4485,1.020927926391192,0
538,1.0211233605223156,0
892,1.0211513473023728,0
1059,1.0212032376275093,0
4229,1.0215511210852763,0
730,1.0216151081769267,0
2802,1.0216627805040808,0
4554,1.021819844224407,0
3278,1.022009679789282,0
1947,1.0220441981480668,0
3262,1.0220689797740115,0
4430,1.0220738973737928,0
1654,1.022371609877141,0
3414,1.0226123580565902,0
4360,1.0226330103083305,0
1046,1.022655969006192,0
3782,1.0230707962056584,0
4513,1.0231830777672488,0
327,1.023184364547957,0
1347,1.0232529144888842,0
1465,1.0232751963278166,0
637,1.023286051486286,0
3458,1.0234819590214876,0
2557,1.0235686546475722,0
4611,1.0239117037239163,0
4260,1.0240184462595525,0
564,1.0241019415896349,0
825,1.0241445380838246,0
4463,1.0242710959352772,0
1103,1.024377602386458,0
967,1.0244230606267017,0
920,1.0244934050681278,0
4601,1.0248552014941166,0
1222,1.0248925032346572,0
2717,1.024976394398044,0
525,1.0250102383611266,0
4036,1.0252729660249977,0
3219,1.0252996464037545,0
1219,1.0254492163289661,0
2552,1.025469335890363,0
4132,1.0254725784320404,0
3269,1.0255276517185907,0
4021,1.0257728837428028,0
3887,1.025777630836597,0
3012,1.025859220737561,0
168,1.0258847165086389,0
2971,1.0260419433903423,0
3561,1.026434874511483,0
3446,1.0264939151219,0
4285,1.0265751968884802,0
871,1.026591935323255,0
1917,1.0266402608511136,0
3781,1.0267148821106131,0
4743,1.0267475216144069,0
4897,1.0267848854565171,0
4266,1.0271529214368278,1
3543,1.027199092800941,0
649,1.0272565901200736,0
1120,1.0272621762252943,0
4284,1.0272666776594452,0
4713,1.0274395834744088,0
4912,1.0274937014792236,0
1154,1.0277222098045111,0
2906,1.0279562954964092,0
2815,1.0280582499764774,0
4120,1.0281292116345482,0
4068,1.028180188025936,0
289,1.0282324994837917,0
1100,1.0282931895047465,0
699,1.0283015285820853,0
796,1.0283875885427294,0
3288,1.028507707960907,0
2842,1.0285932682108543,0
842,1.028611481106681,0
4043,1.028690622730061,0
3985,1.028736927047774,0
4069,1.0287691648863604,0
2158,1.0288835671763583,0
1083,1.0290267532737625,0
3980,1.0294097940344011,0
4477,1.029418257865222,0
694,1.029433190502245,0
576,1.0296330195076548,0
4246,1.0297112144667884,0
3452,1.0299568033895108,0
2448,1.030010960173887,0
4752,1.0302976990444963,0
4137,1.030302799138603,0
4630,1.0304222913832557,0
3839,1.0304829576351282,0
2408,1.030761591500638,0
3212,1.031061877481551,0
718,1.0311189401591756,0
493,1.0311960089916559,0
615,1.0313639420340086,0
4209,1.0314461135610464,0
4305,1.0316382208514923,0
3155,1.0316967186951047,0
2296,1.031718760456881,0
1770,1.0317191779919308,0
3867,1.0317445464878339,0
367,1.031795844416105,0
5046,1.031811164825821,0
4815,1.0321276140321431,0
0,1.0321556194050046,0
572,1.0326079048545846,0
3605,1.032655681966694,0
2247,1.0327100642298837,0
907,1.0327562378422201,0
3515,1.032948767352031,0
3542,1.033000510194683,0
1376,1.033193955513458,0
1470,1.0333478352441559,0
2663,1.0340518768763305,0
4771,1.034215530706154,0
1242,1.0348531532620444,0
1940,1.0349235084013155,0
14,1.0349811163381701,0
4363,1.0350803030242786,0
298,1.0358083684749468,0
993,1.0359913281797537,0
1563,1.0361995618003461,0
584,1.036441292078139,0
2807,1.036625160126544,0
353,1.036631292671602,0
2246,1.036705852214008,0
846,1.0367429604198246,0
3158,1.0368992792928517,0
3626,1.0370363763883075,0
4663,1.0370459114756068,0
1212,1.0373438057988658,0
266,1.037535440838756,0
1701,1.03753811664477,1
459,1.0375673064105053,0
4994,1.0377263141965507,0
1324,1.038197497924692,0
1223,1.0382600005338356,0
2917,1.0382615891947582,0
776,1.038300905754829,0
4638,1.0384066433005597,0
2163,1.0385876169847346,0
3284,1.0386864937813618,0
4002,1.0387846979264272,0
2905,1.0391635436136928,0
2561,1.0391652000663854,0
2969,1.039436507746045,0
2909,1.0394631284332028,0
3675,1.0396161891601232,0
3895,1.039691123490222,0
4773,1.0398075898693002,0
2394,1.0398208635803516,0
671,1.0398993490694477,0
3547,1.0399431626229225,0
1959,1.0399940224626765,1
4112,1.0400883204899738,0
4127,1.0403024902123739,0
3070,1.0404020119836719,0
3506,1.040612084459251,0
3970,1.0410840169880637,0
4509,1.0411058119123033,0
2743,1.0411857860924962,0
2011,1.041232650896854,1
1558,1.041257191157301,0
517,1.041291415576882,0
705,1.0413509702556227,0
2520,1.0415066475222643,0
3511,1.0415101300320546,0
2373,1.041519383584088,0
2836,1.0415864495036415,0
4404,1.0419212876737238,0
769,1.0421717666291586,0
4758,1.0423625724983048,0
4377,1.0424244044821462,0
18,1.0424967844998787,0
4886,1.0428520534839807,0
3368,1.0429193091698277,0
390,1.0431764736686615,0
3492,1.0433354969102773,0
1664,1.0434306879785658,0
574,1.0434652435276666,0
2478,1.043696990966695,0
4812,1.0438431140273456,0
3580,1.0440739900554403,0
1805,1.044104561061647,0
1067,1.044149659373806,0
817,1.0441943477924454,0
631,1.0444038821392847,0
3347,1.0444172418014852,0
1353,1.044773635138693,0
1233,1.0450515018536617,0
3540,1.045077855628151,0
3662,1.0451809230137714,0
245,1.045295220108936,0
1308,1.045374271251456,0
187,1.0456572712854262,0
522,1.045666141748594,0
4964,1.0458309696500245,0
4195,1.0459337272367857,0
4156,1.0460307031255849,0
2365,1.046168366849427,0
1321,1.046392419108185,0
59,1.046543815781867,0
3159,1.0466929586252538,0
783,1.0467131437112727,0
250,1.0468423918006713,0
5061,1.0468505132254342,0
3078,1.047020640587694,0
75,1.0471560565140274,0
4458,1.0475028972199951,0
2994,1.0476352108807498,0
3388,1.0478040158303348,0
137,1.0478099987299339,0
3346,1.0478104209664303,0
3899,1.047844318753371,0
3461,1.0479767061205618,0
54,1.048268279193698,0
1653,1.0484168723392924,0
2983,1.048475076469267,0
322,1.0485157101164047,0
2311,1.0485787093506633,0
2833,1.0486819697778111,0
232,1.0490459575845137,0
1314,1.049421834660418,0
4483,1.049483880587675,0
530,1.0496865029177607,0
2527,1.0499702155918285,0
416,1.0500271443691342,0
3929,1.0500356372885258,0
3599,1.0501876436684154,0
3866,1.0503739044580374,0
4641,1.0503792723877752,0
2878,1.0505037392103498,0
3971,1.050546939801178,0
3166,1.0507157051223113,1
4118,1.0507790774956163,0
510,1.0508233350308707,0
2304,1.0508251418991346,0
2332,1.051110950926957,0
4013,1.0511738292080581,0
4147,1.0513099880845163,0
3714,1.0513656338407746,0
746,1.0514241990241424,0
3098,1.0516979390020418,0
4078,1.0518821541264454,0
2888,1.0520126186573702,0
2334,1.052168785932543,0
2960,1.0522361594558194,1
3652,1.0529230314228402,0
2673,1.0529378012060264,0
1138,1.0529555540779845,0
1040,1.0529909596746037,0
2435,1.0532931115958166,0
2935,1.0533210875173007,0
3464,1.0534951574425637,0
778,1.0536192722674653,0
4413,1.0539683881494128,0
1604,1.0541647081409107,0
3892,1.0541793702201232,0
4884,1.0542947564664973,0
4287,1.0543971268678178,0
4247,1.054397150499362,0
292,1.0546532123174142,0
2108,1.0549144862343314,0
487,1.0554504318309816,0
2251,1.0555956345693693,0
4787,1.0559147116174008,0
717,1.0559850740695829,0
1768,1.0560400307454314,0
3167,1.0563066727151054,0
3390,1.0563421987610502,0
2169,1.0564119524979128,0
2742,1.0567714813398168,0
3130,1.0569650557907135,0
4934,1.057097914181785,0
194,1.0571026042294995,0
3310,1.0573152192352346,0
261,1.0574606412200322,0
1883,1.0575814722454846,0
1823,1.0579081113809266,0
3944,1.057908647070796,0
1918,1.0579855606240869,0
1194,1.057988800862549,0
4531,1.0580153759061606,0
5021,1.0581056372510422,0
685,1.0581852610464975,0
4867,1.0582410223756002,0
3349,1.058282633820123,0
2732,1.0583051384958702,0
3806,1.0583253066090728,0
4899,1.058709671466664,0
2924,1.0587836566982531,0
3085,1.0588283845359183,0
678,1.0589350732232252,0
3878,1.0589379325596093,0
106,1.0590628929364532,0
2986,1.0590880749369251,0
3196,1.0592335507482593,0
2766,1.0592648255321764,0
1556,1.0593916415506113,0
947,1.0594342731421718,0
714,1.0596144451522382,0
2078,1.059707856344185,0
770,1.059814700508302,0
3646,1.0599133405305299,0
2283,1.059924173446983,0
611,1.0599638457604743,0
3855,1.0599822525770084,0
2010,1.0600951094352824,0
3991,1.0602663673391057,0
4353,1.0603281888203397,0
3328,1.060387715351842,0
975,1.0606121607836498,0
3770,1.0613472966013004,0
1681,1.061353861080002,0
4076,1.0613731261169803,0
4399,1.0613863146666467,0
4171,1.0616020855208754,0
4339,1.061684951405478,0
4772,1.0617068167307109,0
3665,1.061926989818729,0
1161,1.0619707254632325,0
12,1.0620227070065411,0
2164,1.0621061118423705,0
254,1.0622108087912274,0
3437,1.0622613336726816,0
781,1.062515876072401,0
1636,1.0625650295951439,0
50,1.062576301355819,0
4270,1.063003394444457,0
2441,1.0630616803669162,0
4482,1.0630718030138069,0
3758,1.063079854573311,0
36,1.0631326658935871,0
4355,1.063540474344906,0
3871,1.0635592827331883,0
2399,1.0637008748528896,0
1583,1.0639467652848114,0
3521,1.064049018848837,0
5010,1.064158312979851,0
1910,1.0643196327090179,0
1031,1.0643451527243697,0
2081,1.0644814102265854,0
577,1.0644925969976877,0
2790,1.0645601708353454,0
3113,1.064593527631265,0
4193,1.0647268812882826,0
1687,1.0647899413371125,0
1330,1.0648182061134126,0
4244,1.0648714776928943,0
3957,1.0649607119266855,0
4709,1.0650744347198187,0
3939,1.0651512775913894,0
3915,1.0653232132100905,0
4476,1.0654062735914138,0
224,1.0654371739033632,0
780,1.0657271555554484,0
3140,1.0657873601239545,0
2687,1.0658107368817387,0
2872,1.0658218346067836,0
3286,1.0660335907921432,0
2367,1.0665058104690819,0
4030,1.0667769629013186,0
3533,1.0669028891251329,0
2934,1.0669664503973966,0
1323,1.0669915300386263,0
3041,1.0672227316782286,0
2978,1.067351443537803,0
2686,1.0673681365573453,0
3265,1.0674189838795751,0
2509,1.067442234459523,0
1518,1.0674593656459668,0
2265,1.0675606740928865,0
4682,1.0676984842355635,0
745,1.0679258481402427,0
1534,1.0680980847447512,0
3011,1.0681884603032457,0
4670,1.0682834199072588,0
1871,1.0684806123232709,0
2684,1.0685358717950797,0
1501,1.0686777378371866,0
2340,1.0687090730281115,0
163,1.068724437504267,0
4143,1.068773212572503,0
612,1.0687780638153956,0
4547,1.0691531632466145,0
4487,1.0692786152621807,0
4502,1.0693105927100717,0
3548,1.0693686382024967,0
4532,1.069391954882028,0
1237,1.0694071787293742,0
3613,1.0694911547280914,0
387,1.0697165923372531,0
2042,1.070130594577734,0
1104,1.0701783345029776,0
1606,1.0711920390146692,0
3666,1.0712366394122737,0
4489,1.0717750753462212,0
4640,1.0719942773223756,0
3702,1.0720821275220773,0
3366,1.0722546778299584,0
535,1.0723512110993192,0
3752,1.0725848776652107,0
195,1.0726474118263853,0
3634,1.0726789591986527,0
767,1.0729867297366626,0
3556,1.0730391978253009,0
2411,1.073126902092581,0
3976,1.0735051870359438,0
4358,1.0735849220948666,0
4782,1.073663207311291,0
3703,1.0738987511799327,0
1620,1.0739261337955213,0
1341,1.0740143948863439,0
294,1.0740206922303634,0
2964,1.0743398466317406,0
3948,1.0747736302137338,0
2716,1.0747740166508404,0
3080,1.0749867717300765,0
4272,1.075326353330108,0
4811,1.075492013972254,0
4141,1.0755966563271406,0
3503,1.0757113365268698,0
3759,1.075881171355693,0
389,1.0759263915547017,0
560,1.0760125736280548,0
1508,1.0762447910305228,0
609,1.0764256001153045,0
448,1.076601816252109,0
4278,1.0766944351663081,0
4085,1.0767833625638055,0
3923,1.0771185042671643,0
2741,1.0771794851894654,0
279,1.077188335972557,0
3906,1.0775277530387897,0
4371,1.0776071875556104,0
1602,1.0776668481118366,0
3337,1.077712996620271,0
4764,1.0782683209906925,0
1193,1.0783081523131843,0
1529,1.078396052098144,0
922,1.078446477048672,0
2167,1.0784476643946999,0
1748,1.078647063585763,0
3949,1.0786860486939553,0
2123,1.0788795164032507,0
1111,1.0789771288715522,0
2389,1.0792289437736147,0
1994,1.079500053763636,0
16,1.079569693520321,0
4443,1.0796885007918957,0
586,1.079751328622214,0
129,1.079753588118674,0
1332,1.0798349489962633,0
2269,1.0800449086391706,0
1678,1.0802281470361232,0
69,1.0803065886048793,0
2823,1.080891066236032,0
3209,1.0810838334432755,0
1571,1.0813226975067256,0
2883,1.0819147321384437,0
4427,1.0819829838273123,0
172,1.0819958864820836,0
779,1.0825785114324882,0
4197,1.0826683533510981,0
3853,1.0828394154215186,0
4081,1.083022290530543,0
375,1.0833329228040933,0
486,1.0833509084855495,0
4220,1.083365636294582,0
4362,1.0835528827788263,0
355,1.083575532454768,0
1125,1.0836210331897433,1
4931,1.083798519312328,0
1645,1.0838668081308835,0
845,1.0840920150335476,0
1962,1.0841623826822515,0
1071,1.084327383631002,0
4654,1.084492357428327,0
3986,1.0846236761546084,0
4433,1.0850149240065137,0
4117,1.085159825460485,0
2335,1.0852911451694878,0
4397,1.0853023222462266,0
1080,1.0853478458486479,0
3575,1.0854873896852082,0
2895,1.0855239329820363,0
2674,1.0856379651414854,0
2358,1.0859736318286417,0
2381,1.0860214664549184,0
4683,1.086297652077452,0
1201,1.0865423008202437,0
1914,1.0866443728642634,0
4799,1.0867645733572289,0
1568,1.0868053739456058,0
3552,1.0870392943131766,0
3697,1.08711214327324,0
1340,1.087170483168861,0
690,1.0876042265228798,0
4883,1.0876648306111265,0
4041,1.0877245406068128,0
5024,1.0878668039472597,0
3391,1.0878847092080453,0
490,1.0879439811513911,0
3102,1.08797741976468,0
4207,1.0881393128518315,0
2791,1.0881966002026613,0
2805,1.0886243524816148,0
2598,1.0887200132628965,0
5013,1.088801823997059,0
4154,1.0891280477401502,0
4101,1.089189375752625,0
4954,1.0891972537479597,0
4256,1.0893181931632259,0
1225,1.0895415745400545,0
113,1.0896088881540782,0
2436,1.0897526841653928,0
4462,1.0899053912689844,0
3404,1.089917845475697,0
1168,1.089970110902109,0
4665,1.089991144841919,0
1163,1.09020274190082,0
4079,1.0902588332420768,0
592,1.0902734135303935,0
3320,1.0902904053565046,0
4205,1.0907179257672768,0
372,1.0909601396783022,0
3768,1.0910975694187985,0
1696,1.0911100868040626,0
2982,1.0911141717384645,0
3046,1.0912120617853198,0
1952,1.091255664528136,0
3519,1.0913997984099333,0
272,1.0914976282611588,0
1682,1.091637363575951,0
1094,1.091652325066915,0
1708,1.0916604654765534,1
3454,1.091662379068261,0
3449,1.091743386688252,0
569,1.091803560184914,0
141,1.091935302643686,0
1582,1.0919372675289203,0
3572,1.0919652715061616,0
3798,1.0925094960813386,0
56,1.092941782364021,0
1377,1.0929835895419264,0
4568,1.0930322493362412,0
2240,1.0931223736863163,0
4108,1.093381014789787,0
235,1.0934603839235926,0
3893,1.093687367246115,0
1216,1.09381744496232,0
1329,1.0938670096677299,0
4901,1.0940221616969932,0
306,1.0942831247199527,0
4191,1.0943181836842284,0
300,1.0943683166914075,0
457,1.0944672621712928,0
3600,1.0945276501978776,0
4296,1.0945527496366032,0
4841,1.0946357498042776,0
4790,1.0946384275480323,0
3305,1.094649357228816,0
4213,1.0947282453597098,0
351,1.0949703290676136,0
4780,1.0950167966110307,0
3195,1.095093849610134,0
653,1.0953323729659488,0
4951,1.0954158264824425,0
593,1.0954525947575044,0
3761,1.09547051076811,0
85,1.095988922788586,0
4110,1.0960266928699824,0
4988,1.0960953530227295,0
1515,1.0961938010953294,0
2775,1.0963205056239589,0
3006,1.096397749293859,0
399,1.096467876087354,0
712,1.09663026634021,0
4303,1.0967940596866825,0
3395,1.0968174473898473,0
176,1.0968967147263808,0
1537,1.0975660709972093,0
2501,1.097744650723077,0
1320,1.0979080601681859,0
3616,1.0979189548378145,0
1655,1.097923486394582,0
2249,1.0979400172266072,0
312,1.0979509640459402,0
2242,1.0981959190744455,0
3810,1.0982393589001296,0
1995,1.0983518556902356,0
2808,1.0983901366199733,0
910,1.09839319922545,0
3376,1.0985559493869022,0
1177,1.098557378786688,0
4325,1.0988023701272513,0
2019,1.0988087338227779,0
2120,1.0989296134606912,0
4361,1.099177896338428,0
2769,1.0992320337811816,0
3045,1.099314261491376,0
3410,1.099473202795263,0
3701,1.099476912119512,0
1298,1.099585627711365,0
3430,1.0997052032499535,0
3777,1.0998452976529496,0
2548,1.0998837608255971,0
3597,1.0998941993898688,0
2597,1.0999112669794022,0
3707,1.100111630104861,0
2443,1.1001549971870614,0
2719,1.1003009387899647,0
1295,1.1003714858312643,0
3377,1.1003929893157454,0
2402,1.1005247088180075,0
1672,1.100590222650513,0
1644,1.1006347760757156,0
3734,1.1010476283076658,0
2894,1.1012128444139158,0
1296,1.10129578286622,0
3419,1.1013083545785802,0
1266,1.1013475066744276,0
3803,1.1015184104329714,0
104,1.1018686160138362,0
2401,1.1020243772097837,0
1971,1.1023007173462478,0
3151,1.102302247164799,0
3068,1.1023975295944877,0
1483,1.1025601179945066,0
1677,1.1029747935794953,0
1581,1.1030098942228301,0
1232,1.1031969352587874,0
244,1.103423621372773,0
1348,1.1035848271176942,0
3983,1.1036328010223884,0
3787,1.1036661270790218,0
1629,1.1039744439730697,0
270,1.1039751404482518,0
3338,1.1040148721513914,0
2075,1.104398979011431,0
357,1.104576883382311,0
1110,1.1047444761116014,0
3530,1.1049107376260865,0
4838,1.1051207233893303,0
3732,1.1051459214754222,0
2774,1.1058068605924691,0
919,1.1058663052745776,0
1729,1.1059104829719602,0
3141,1.1060873306484027,0
2834,1.1061257043288077,0
3032,1.10612887308044,0
831,1.1062402849863946,0
1735,1.1062732545627747,0
1489,1.1064438430384904,0
978,1.1064525894685244,0
3999,1.106508767708069,0
2057,1.1066821246854575,0
2827,1.1066860993403964,0
2326,1.1067842498908684,0
881,1.1068438016648188,0
4421,1.1071561606808826,0
2038,1.1073158399309162,0
1888,1.1076326925805988,0
2581,1.10779552209983,0
181,1.1079532165712196,0
189,1.1080120420164958,0
3429,1.108116496803824,0
839,1.1081289108847803,0
1436,1.108354308681397,0
2427,1.1085249109837847,0
3311,1.1087126482197924,0
464,1.1088700737784936,0
438,1.108989672642913,0
3596,1.1090376146862424,0
3403,1.1090492280898279,0
2387,1.1090572193080237,0
2227,1.1091734114791953,0
2554,1.1094465091715169,0
900,1.1097606124193413,0
4674,1.1098871900405483,0
3890,1.1099205154524692,0
1984,1.1099782316599145,0
2233,1.109981989654753,0
1516,1.1101006805194715,0
959,1.1101633929513464,0
4037,1.110460130753801,0
1334,1.110694451388939,0
396,1.110809679161894,0
2786,1.1114647802434487,0
2239,1.111558219700934,0
539,1.1116168516005773,0
3847,1.1116184358248813,0
290,1.1116627321264818,0
711,1.1119381230223409,0
198,1.1121738145081281,0
317,1.1124747905702828,0
1991,1.1125186807670102,0
1641,1.1125490251303576,0
2712,1.1130065940872524,0
463,1.1130143308355895,0
2962,1.1131635652132537,0
3257,1.1132232252266518,0
370,1.1133795664691388,0
3569,1.1133849678608616,0
1703,1.1135472357590834,0
2782,1.1136015423048975,0
1248,1.1136997406954812,0
4470,1.113751344051235,0
3093,1.1138911789135357,0
2383,1.113895171538459,0
682,1.1139907039173218,0
2003,1.1140355202128027,0
1432,1.114128234486708,0
927,1.1143027715045855,0
3489,1.114345071459052,0
242,1.114507096586154,0
3796,1.1145615868642658,0
2287,1.1147312380819474,0
462,1.114777678760553,0
1522,1.1151359648259183,0
3773,1.1155145740077614,0
304,1.1155219997337915,0
2995,1.1156948313831951,0
2256,1.1158728480180093,0
1890,1.1159305124934737,0
4948,1.1162031752261503,0
4804,1.116208163973195,0
4009,1.1163827730952625,0
1526,1.1163878984104385,0
1214,1.1165348567535556,0
2052,1.1166653210123691,1
3171,1.116715018068767,0
2116,1.1167174399015836,0
2212,1.1167452660016945,0
2852,1.1168053244279774,0
3977,1.117010405294671,0
2177,1.117074520583517,0
1271,1.1170807328999726,0
4238,1.1174147353254682,0
4257,1.1175973942323696,0
3060,1.117612452880117,0
3043,1.1179902613813397,0
197,1.1182002228417993,0
4310,1.1182920333383861,0
2188,1.1183568324662758,0
3824,1.1184967182409244,0
4,1.118569389018435,0
72,1.1186955178931717,0
2099,1.1188737100246853,0
870,1.118959860885282,0
2144,1.1190104392871338,0
1028,1.1192867743805968,0
2551,1.1194107414535277,0
3604,1.1194882989398078,0
1565,1.1197160380293572,0
1251,1.1197314077004399,0
2136,1.1197833338846075,0
1098,1.1199694322786826,0
2563,1.1202019189329395,0
1093,1.1202567278250257,0
1490,1.1205255343174088,0
258,1.1205618576145424,0
2698,1.1206316065135846,0
1213,1.1207370167957793,0
1136,1.1207512755447446,0
1833,1.1207563969467504,0
1375,1.1209447143443407,0
2826,1.1210098322882125,0
29,1.1216619076802465,0
4299,1.1218683695685105,0
3179,1.1219683159229838,0
1208,1.1221250963259706,0
932,1.122223641182864,0
1845,1.1222801925562866,1
1865,1.1223922812604985,0
485,1.1225320968230312,0
321,1.1225748497385435,0
4263,1.1226256028794475,0
902,1.122803966758385,0
4073,1.1228163579008998,0
2944,1.1228647221686403,0
1528,1.1229822197606008,0
4176,1.123018714803101,0
3079,1.123123653641106,0
57,1.1231561395157705,0
1840,1.1231583800974951,0
4146,1.1231870686889234,0
4395,1.1232408797633522,0
1290,1.123468613462598,0
2903,1.1235161632486057,0
2668,1.1235163298167221,0
4212,1.1236911894012223,0
4236,1.12430312178951,0
5050,1.1244014441077734,0
814,1.1247045188291582,0
1955,1.1249372245435403,0
1130,1.1250046791464468,0
4923,1.1250124191317072,0
5011,1.1250610736314473,0
211,1.1252164437289558,0
4434,1.1252463919640285,0
2073,1.1253787319497792,0
4876,1.1254060137824693,0
265,1.1254268897380517,0
2480,1.1254328663059596,0
347,1.1255994314849063,0
3790,1.1256407212387247,0
471,1.12604214306602,0
4196,1.1261457085268316,0
964,1.126312127320486,0
543,1.126358028197825,0
3177,1.1264976756704257,0
977,1.1266606148098939,0
3776,1.1269041784358207,0
1399,1.1271403671211764,0
2109,1.1275095336041367,0
583,1.1275332366233382,0
4400,1.1275729535500847,0
4032,1.1276279907616957,0
2426,1.1276586219660059,0
4115,1.127727052617241,0
305,1.1277864166057279,0
3566,1.1280388152993774,0
2112,1.1280638070236133,0
1458,1.1281176957564043,0
2259,1.1281306921016074,0
2216,1.1281616478589742,0
5025,1.1281624446393714,0
1927,1.128211959744135,0
415,1.1282462042668093,0
4874,1.1283701622332514,0
2620,1.1283871993042474,0
2424,1.1284349738906736,0
154,1.1284543939364313,0
1172,1.1286036444442602,0
1692,1.128666737526254,0
782,1.1287634141195106,0
1698,1.1288303017304921,0
764,1.1288726148593595,0
1109,1.1293136368347039,0
3859,1.12935372150654,0
589,1.1293978457384692,0
1122,1.1294085928627815,0
3472,1.1294647739902173,0
2183,1.1294742662903356,0
2666,1.1294910950281452,0
2781,1.1297707797946968,0
645,1.129794713867082,0
1361,1.1299289934094499,0
2303,1.1300917646381872,0
2090,1.1303030784434156,0
1200,1.130453399378822,0
9,1.1307336729741284,0
3689,1.1307742518608976,0
2625,1.1307891884179668,0
3185,1.1308175476291147,0
238,1.1308372492370098,0
2168,1.1309809140973726,0
2993,1.131163132210972,0
3696,1.1311955424189764,0
1336,1.1315481195213963,0
3425,1.1316741246598165,0
3751,1.1320679336638884,0
3789,1.1321488711592116,0
3565,1.1323028760307776,0
2877,1.132371581281466,0
2360,1.1323965576868562,0
4494,1.132517463915952,0
4356,1.132616062895758,0
4779,1.1326972122653483,0
1485,1.133010164482238,0
157,1.133012349306209,0
5001,1.1332080541244407,0
3384,1.1333093658808824,0
3586,1.1333593529095216,0
702,1.1334758219899865,0
2312,1.1339543479810719,0
344,1.1339702311937854,0
2695,1.1341687451253057,0
1727,1.1344340724540385,0
4129,1.1344444339304642,0
4194,1.1345420043510752,0
24,1.1345780287655054,0
4784,1.1346160114538697,0
4271,1.1346540447889324,0
1135,1.1348856656914381,0
2831,1.1349346384632326,0
240,1.135034656687106,0
996,1.1350411877107438,0
744,1.1350834730047878,0
2089,1.1354009364132314,0
1119,1.1355661017149652,0
4327,1.1355806936076234,0
2755,1.1355950147203704,0
3512,1.1356386342060396,0
2159,1.13582943492007,0
4401,1.1359636959074644,0
4993,1.1359773716644654,0
4911,1.136074012715943,0
320,1.1362828787161585,0
2798,1.1365188095831047,0
2264,1.1367860660473736,0
2989,1.1369645013484109,0
4061,1.1370034529581103,0
2853,1.1371191385645578,0
847,1.1371401422759946,0
3249,1.1372311156453694,0
2067,1.1374414272249684,0
4999,1.1375121382284705,0
3231,1.137543489379522,0
4414,1.137717759478854,0
3344,1.1378090542815913,0
78,1.1378692996453972,0
333,1.1380431185386972,0
681,1.1381645689268127,0
2255,1.1382114251838935,0
3864,1.1384552280148548,0
505,1.1386003903901212,0
3325,1.1386171771738192,0
3277,1.1386276768259858,0
2490,1.1393342678927185,0
4240,1.139401599048759,0
3201,1.1394759151061251,0
380,1.1394790378460262,0
3118,1.1395959263744144,0
1580,1.1396008316043673,0
4105,1.1397454512147227,0
4820,1.139867718017518,0
613,1.1399088744545656,0
2138,1.139947968593503,0
2245,1.1399979387604209,0
4318,1.1401507508787498,0
1849,1.1402712621767745,0
2904,1.1404547126585571,0
607,1.140495441635154,0
2645,1.1405667935430068,0
1052,1.14075988429326,0
1932,1.1411416321165435,0
3850,1.1411706846278593,0
3040,1.1413066088040298,0
4380,1.1413484580264455,0
1227,1.1414024301149668,0
660,1.1415022333347502,0
3608,1.1416963937462232,0
4660,1.1417046038136145,0
4159,1.1418010088632418,0
329,1.142011940085554,0
4017,1.1421389538315305,0
1363,1.1422799058792334,0
4822,1.142347777563293,0
1648,1.1424569990342186,0
3021,1.1428047251262474,0
2533,1.1428175129951024,0
1755,1.143058725446191,0
532,1.143313227673302,0
4123,1.143377584164409,0
4208,1.1434174002104005,0
4671,1.1438926486076824,0
496,1.144079521865292,0
3644,1.144100707857418,0
2738,1.1442713604959704,0
144,1.1443098344200395,0
1203,1.1443631547600557,0
2047,1.1443878773769545,0
635,1.1446236933488811,0
61,1.1446738994268884,0
2339,1.1446968303618164,0
2659,1.1449377773164868,0
295,1.1452610852987701,0
4731,1.1453538640540724,0
2149,1.1455347188243763,1
215,1.1456230250795134,0
3358,1.1461472810126914,0
905,1.146519293296028,0
2023,1.1467852752771472,0
3982,1.1469144436191288,0
1550,1.147025329259777,0
4181,1.1471625683565811,0
4537,1.147210356554237,0
1447,1.1472314821225225,0
2135,1.147239287825007,0
1229,1.1473814624702607,0
3818,1.1474947501573043,0
2886,1.1475653019136038,0
5000,1.1477735517111816,0
3245,1.1478150798251077,0
4128,1.1479947658568732,0
3739,1.1482345846525825,0
4997,1.1487784415431337,0
2143,1.1487841220072537,0
1715,1.1491082390076477,0
358,1.1495532961072474,0
2540,1.1495831186124366,0
257,1.1499390171509734,0
4645,1.1499888762193953,0
1920,1.1501690189737168,0
3621,1.1501962779995465,0
4015,1.150222815594415,0
4942,1.150450946484532,0
799,1.1505291976943468,0
4816,1.150751250183129,0
425,1.1508708965909582,0
3967,1.1514807282616566,0
4165,1.1515322091662872,0
1137,1.1516433970137172,0
2055,1.1516915290306597,0
4025,1.1516989880279844,0
772,1.15170378721703,0
777,1.1517849263712143,0
3795,1.1518310083476795,0
1880,1.151835608114392,0
3528,1.151849077544302,0
732,1.152025297007671,0
1691,1.1522050780548114,1
1430,1.152327777062703,0
1958,1.1523739850994423,0
3996,1.1525722624841348,0
2048,1.1525748127068107,0
1877,1.152833293680757,0
2379,1.1531014662922325,0
4850,1.1531763746708261,0
1032,1.153227286951928,0
4130,1.1533326061233728,0
2294,1.1536432152239773,0
1009,1.1538026451500443,0
3291,1.1538586103620414,0
150,1.1539436034378003,0
2783,1.1540498306689124,0
1904,1.1541785278142862,0
3096,1.1543893187684466,0
5033,1.1544202776411217,0
2881,1.154455787402234,0
2692,1.1545131377386417,0
3253,1.154902205586238,0
4313,1.155147682894507,0
3852,1.1551591307831857,0
4198,1.1553090247163111,0
4722,1.1557772278881953,0
2788,1.15595882550187,0
4898,1.1562576085806444,0
3088,1.1563262090782194,0
630,1.1563391295180974,0
1487,1.1565231216907692,0
1367,1.1565714231655262,0
34,1.1570287449911913,0
1661,1.1571401865021105,0
2030,1.1571999292819062,0
142,1.1573177605871903,0
296,1.1573309699138736,0
4895,1.157367344054493,0
5028,1.1574986378659917,0
4312,1.157757187458915,0
346,1.1577930276886559,0
2228,1.157840677810362,0
2912,1.1580369408848572,0
2262,1.1580758134004547,0
3408,1.1581755388941373,0
4114,1.1582530487182814,0
541,1.1583263102093706,0
4472,1.1587145782417496,0
4851,1.1587264110884228,0
1956,1.1588959251306705,1
2799,1.1589913502469817,0
2111,1.1590208440981167,0
815,1.159037546646675,0
2178,1.159226527657452,0
3147,1.1592949672783128,0
4373,1.1597601286742696,0
1076,1.1598182403842427,0
1987,1.1600886560833816,0
2797,1.1601480042821186,0
1579,1.1601744628891473,0
1473,1.1602256094031698,0
2939,1.1605125983360862,0
2420,1.1607206000767587,0
4384,1.1610007159744427,0
747,1.1612532387898127,0
1982,1.1613775707956508,0
3649,1.1613848553623414,0
4935,1.1614200316525365,0
2397,1.1615189729857816,0
2440,1.1618395434769722,0
1474,1.1618685467735845,0
2103,1.161922262664545,0
3535,1.162113296105878,0
3356,1.1622200405001997,0
1162,1.1623922810418326,0
4324,1.1627485955335377,0
2458,1.1627803185511156,0
3520,1.162792698388933,0
3509,1.16288908720782,0
1628,1.1630400314167326,0
4448,1.1632555928460038,0
3500,1.163294025374721,0
1807,1.1633045488642326,0
4357,1.1635438651524277,0
282,1.1637846909164062,0
3019,1.1638638341067242,0
2375,1.1639464507782242,0
3086,1.1641531576669033,0
4949,1.164245356431518,0
2913,1.164261090899901,0
288,1.164285984235234,0
2037,1.1649513290562827,0
1503,1.1649983068360692,0
4849,1.1650649421125965,0
1327,1.1651640085492698,0
1617,1.1651697457370198,0
1391,1.165511847533418,0
1142,1.1655901046512338,0
2704,1.1661636225516814,0
4000,1.1664110667784102,0
1424,1.166590719155166,0
2770,1.166646335364051,0
1999,1.166741191751363,0
3478,1.1668694072387782,0
3691,1.1669030409856782,0
2302,1.166994525454126,0
2160,1.1672629426112853,0
3990,1.1673047455705075,0
3417,1.167531030625418,0
1086,1.1676052907807064,0
1089,1.1676301491590046,0
5041,1.1676449796325241,0
4417,1.167667153170786,0
4323,1.1676681382219514,0
4034,1.1677739492734809,0
2918,1.1678140225563747,0
1519,1.1678488005333552,0
3400,1.167886562876872,0
4986,1.1679169966965497,0
1133,1.1680866780851433,0
1935,1.1681591202233428,0
3788,1.168366224023845,0
1449,1.1684681745610133,0
3438,1.1686273105494185,0
2390,1.1688467287090607,0
4199,1.1689016273319266,0
2897,1.1690382024601078,0
3089,1.1692668742722594,0
1621,1.1694974659920276,0
921,1.1696701644674374,0
5031,1.1696704407100427,0
1481,1.1699420550973072,0
3411,1.1699750705645167,0
1434,1.169999262089631,0
3065,1.170026427718018,0
5042,1.1702784008181883,0
1622,1.1703071593619085,0
4653,1.1704530321450843,0
2271,1.1709251772079465,0
3064,1.1709705701682094,0
2961,1.171227479339811,0
4102,1.1712365151438926,0
318,1.1713510005718681,0
3993,1.1714832124498513,0
4451,1.17152942221073,0
710,1.1716511915425216,0
3161,1.171658699666446,0
2486,1.171712370082771,0
2777,1.1719700846781749,0
1562,1.172040176219856,0
4297,1.17252186101762,0
2119,1.1725645626061831,0
656,1.172839657905336,0
4904,1.172944304828639,0
3261,1.1729466274905187,0
1766,1.173269124067215,0
445,1.1733457741884912,0
3318,1.1739748798440997,0
3763,1.1740424817509185,0
2631,1.1741896001907954,0
2936,1.1742183098889682,0
2990,1.1742642042061415,0
2874,1.174707487981843,0
955,1.174966619772596,0
263,1.175026853011495,0
854,1.1751399603204296,0
3792,1.175146195161585,0
2414,1.1751800153437093,0
2407,1.1756006090945632,0
44,1.1756369452003443,0
297,1.1757534802618226,0
3643,1.175769091695519,0
1513,1.1758093459932106,0
1827,1.1758747844081299,0
4237,1.1759168409769147,0
3955,1.1759329650656523,0
3869,1.176013250061281,0
4796,1.1762819593208815,0
1472,1.1768777012144875,0
2101,1.1772602140718456,0
1564,1.1773899673868284,0
2756,1.1775701538542074,0
3912,1.1776330879785566,0
946,1.1776913364125023,0
3638,1.177923179307028,0
3925,1.1783034049498144,0
2771,1.178441113751954,0
4369,1.1785022894469082,0
2573,1.1785817064273292,0
4484,1.1786459170430947,0
3736,1.178686644706373,0
756,1.1788201660218318,0
4056,1.1788447487126537,0
4347,1.179164705377109,0
2779,1.1792285048148703,0
251,1.1794064491435745,0
3953,1.1794262523377121,0
4366,1.17954985627819,0
2638,1.179640727882387,0
1826,1.1796671829649106,0
3536,1.1798470694877614,0
4419,1.1800238767573885,0
1625,1.1802010202429425,0
3827,1.1802382682510664,0
2843,1.1802831092812824,0
2662,1.1802973316420848,0
4972,1.1805113165048646,0
1476,1.1805212654896444,0
2172,1.1807289520930215,0
3300,1.180799541385511,0
221,1.1808119877680772,0
1595,1.1808760976811539,0
3444,1.180901386127396,0
1173,1.181114576950955,0
166,1.181148181987026,0
2657,1.181269707231479,0
1616,1.1813982869842385,0
3111,1.1814027667153781,0
2205,1.1816267480431495,0
3172,1.1816634775903694,0
3125,1.1819767713278404,0
4915,1.1819962579977916,0
277,1.1820519189877103,0
2378,1.1822523248851184,0
3217,1.182517819242903,0
3674,1.1826447051893971,0
4173,1.1826851440554897,0
4932,1.182694761556696,0
498,1.1827649053090448,0
4001,1.182874340787343,0
4971,1.1829746445518508,0
4259,1.183220956181668,0
4354,1.18327987462273,0
209,1.1833113467188907,0
3178,1.1835058499205968,0
2130,1.1835354985460746,0
4080,1.1835894534183358,0
4633,1.1837159681862919,0
5032,1.183921465340851,0
1578,1.1839730850586612,0
2893,1.1840144190411852,0
3494,1.1840568675872425,0
1254,1.1841053073509535,0
2351,1.1841116385420003,0
1535,1.1842162024168414,0
3413,1.1842606685376822,0
3202,1.1843875969197053,0
3406,1.1845114331443667,0
4293,1.184578357698516,0
4342,1.1847280607077195,0
588,1.1848533409726107,0
4946,1.184900553008708,0
2977,1.1850343301430364,0
5039,1.1850646347489096,0
508,1.185159158463195,0
3442,1.1852537049524332,1
1065,1.185285684268468,0
1611,1.185306909836798,0
2065,1.185433555617843,0
2346,1.185537701089927,0
412,1.185628720211825,0
115,1.1856890396829272,0
989,1.1857678767284692,0
1671,1.1858628881151974,0
3737,1.1863213915019148,0
3975,1.1865313502908124,0
3207,1.1865467526512805,0
205,1.1867474219195095,0
100,1.1868225395896634,0
269,1.1871039296931625,0
2887,1.1871347176097704,0
2871,1.1872744504543218,0
3450,1.187825878853692,0
196,1.1878700330390402,0
2353,1.1878985268322995,0
1191,1.1880591913432987,0
1373,1.1885022351672072,0
2572,1.1885662635857839,0
5047,1.1886015002674288,0
2203,1.1887846756264593,0
1205,1.1887859741045967,0
3688,1.1888988161436158,0
1421,1.1889084789344886,0
3199,1.1889675677267362,0
3146,1.1889935086004553,0
3182,1.189002280454995,0
4842,1.1892408023883512,0
4473,1.1892989461452321,0
1002,1.1893129372745155,0
2633,1.189449196058785,0
3014,1.1895241603842703,0
5043,1.1897740356235849,0
2027,1.1898166556649457,0
3956,1.1898218634756446,0
4656,1.1904269986050946,0
1261,1.1905217207126542,0
3482,1.1905325222677314,0
199,1.190668016858877,0
149,1.1907945626017364,0
1090,1.1908526365532197,0
4277,1.1909453096810845,0
1911,1.1909459169405183,0
1204,1.1910401456605975,0
4408,1.191043770603742,0
2512,1.1910909538023364,0
3550,1.1911181882411113,0
200,1.1913499530986154,0
3950,1.1914630223518852,0
1338,1.1915951983909798,0
4179,1.19171304964798,0
5030,1.1917902024569524,0
2305,1.1919350146004388,0
3047,1.192095037772631,0
2560,1.1927323307347426,0
1584,1.1928851498887292,0
1818,1.1929039768159102,0
5036,1.1929311217172225,0
4523,1.1930281309335933,0
5045,1.1930438913976462,0
627,1.1932134377810424,0
4082,1.193509631704365,0
3966,1.1935863522593433,0
962,1.193639537072018,0
3779,1.193690801299505,0
360,1.1937681613655275,0
792,1.1937688263238841,0
2337,1.1939284211512675,0
3363,1.1939587814703558,0
1566,1.194208295778054,0
2656,1.194295386626179,0
4468,1.1945802571551438,0
2033,1.1946603872588273,0
1427,1.1946614194380287,0
1345,1.1946710645110192,0
2189,1.1947626526598942,0
4379,1.1949290304776221,0
2182,1.194988088799549,0
4543,1.195303311434073,0
1847,1.1959054930744557,0
2074,1.1959174799806558,0
2016,1.1959809786728122,0
4045,1.1960422509266886,0
2553,1.1960445234648625,0
3069,1.1961794711664275,0
1246,1.1963067455545173,0
2539,1.1965205277568,0
446,1.1968558526491226,0
3845,1.1969195258253909,0
2357,1.1971378598785958,0
2646,1.1971719425325245,0
998,1.197241027597871,0
3632,1.1974974179537647,0
2031,1.197835701344328,0
424,1.1978500590378571,0
2829,1.19785018211441,0
1299,1.1978617887199856,0
3282,1.1981939486852804,0
2051,1.1982529578024734,0
979,1.1982675018145936,0
4797,1.19864080709944,0
2653,1.198684182597064,0
139,1.198872392317011,0
1893,1.1989199192610704,0
4926,1.198933114518753,0
2004,1.199188411180286,0
3008,1.1992271257402065,0
526,1.199442133728175,0
2941,1.1994586733435375,0
5037,1.1994754731629171,0
434,1.1995371392602894,0
997,1.1997252600900368,0
4351,1.1997650959648345,0
1507,1.1999349106714956,0
1293,1.2000536305697391,0
2272,1.2001007884943202,0
1066,1.200196788568895,0
2171,1.2005058542631386,0
3525,1.2007591140295188,0
3760,1.2011063913912317,0
4317,1.2012491098767724,0
1969,1.2012870514616698,0
2354,1.2013740518948992,0
1723,1.2014183665324403,0
826,1.2015249329763757,0
1339,1.2015812977910243,0
3811,1.2016911381529238,0
3075,1.201709657093491,0
2211,1.2018320852541504,0
2020,1.2019859477182828,0
2391,1.2021151068521536,0
4150,1.202216799605297,0
864,1.2022545504370563,0
1272,1.2023105901038795,0
3551,1.2024110650241044,0
3591,1.2027253168275334,0
2096,1.2031895587345587,0
3114,1.2032291245652278,0
1873,1.2033674273313044,0
488,1.203542494915637,0
665,1.2035924715035176,0
153,1.2036447858653279,0
2140,1.2036972660542402,0
3246,1.2039130635381468,0
3486,1.2040665573942118,0
2513,1.2044404415880943,0
73,1.2045321946905778,0
4359,1.204804004880038,0
2279,1.2048198740281917,0
2105,1.2048811171430858,0
2438,1.20489812762933,0
262,1.2049568379934226,0
76,1.2049793354610392,0
3090,1.2050480702766786,0
3436,1.2055163539975469,0
3143,1.2055850131762607,0
1250,1.2057704546338945,0
356,1.2058826427565719,0
1539,1.206029197854316,0
1786,1.2063151229996032,0
3056,1.2064808260914288,0
3062,1.206490013183806,0
3357,1.2065733800437182,0
1283,1.206627415747616,0
2821,1.206640489728302,0
2380,1.2069460736070057,0
3091,1.207300946099919,0
4924,1.2076013493753617,0
2734,1.207851524412667,0
2013,1.2078566881298731,0
1106,1.2079026779528186,0
3821,1.2080245569176233,0
1466,1.2080254836094135,0
2558,1.2084306769296291,0
855,1.2085908325994177,0
715,1.2086230722893854,0
1948,1.2087172091081198,0
4062,1.2087527724155298,0
4789,1.2087621925650962,0
2762,1.2088328802444592,0
3228,1.208898781536554,0
1294,1.20897382876418,0
524,1.2090127922809775,0
1331,1.2091517577033803,0
3330,1.2091633228364091,0
3682,1.2092899228426277,0
1705,1.2093422719054288,0
3664,1.209349755343881,0
2710,1.209455271962469,0
1741,1.209727010372277,0
3889,1.2101091203079748,0
1765,1.2103478870316802,0
1479,1.2103723509847468,0
2822,1.2104637592802836,0
3267,1.2104912788741282,0
2776,1.2106242910728011,0
774,1.2106751702733147,0
4981,1.2107777999823333,0
1276,1.2108647166880382,0
580,1.2110619703389542,0
3296,1.211524380491735,0
2927,1.2115597328533967,0
3628,1.2116938515563882,0
2356,1.21190671967659,0
2076,1.212346800816665,0
3786,1.2123834609819324,0
821,1.212475563789368,0
402,1.2127061346102637,0
1492,1.2130178884934446,0
3342,1.213113328424638,0
1838,1.2131368013459705,0
3873,1.2132780144973636,0
3804,1.213368443052317,0
1495,1.213548620109037,0
3904,1.213636646402048,0
2068,1.2137369820640338,0
4914,1.214122375988126,0
795,1.2142124224214832,0
3916,1.2142143827252698,0
3044,1.2142492147115858,0
3173,1.214275542921916,0
1141,1.2144286160470317,0
4486,1.214462251893331,0
5006,1.214587687633803,0
3835,1.2148463991992513,0
2362,1.214943831613397,0
2507,1.2149710849931146,0
2660,1.2151175353151698,0
4250,1.2152421016304769,0
2974,1.2153396920280823,0
804,1.215586760600539,0
4407,1.2156003851120565,0
4023,1.2157200694282855,0
271,1.2157934341909995,0
1872,1.2159012260048963,0
3842,1.2160619277650648,0
3745,1.2161653255868874,0
2876,1.2163176764172672,0
2406,1.2163931395782683,0
4331,1.2171283600751102,0
908,1.2172501047455286,0
2179,1.2174704763377173,0
2092,1.2175347312022613,0
2731,1.2178630294169166,0
214,1.2179476297999374,0
1876,1.2180323939999964,0
3794,1.218170896876112,0
2121,1.2181915401709509,0
5038,1.2182195984947803,0
2996,1.2182676804227226,0
3778,1.2182928851107224,0
3145,1.2183736152083169,0
2649,1.218527427322437,0
4251,1.2186519561696916,0
3239,1.2189233482466884,0
1674,1.2189279185347737,0
2429,1.2189906374127726,0
1915,1.2191637504127018,0
4916,1.2193937954757423,0
4370,1.21959643731604,0
2439,1.2196139460082662,0
273,1.2197212528143686,0
5056,1.2198129514742266,0
3527,1.219837679075524,0
4218,1.220045908717662,0
207,1.220299157606162,0
3687,1.2203290132233093,0
1509,1.220330262882213,0
1762,1.220550165304877,0
4800,1.2206736205412647,0
3931,1.2207902146066407,0
3577,1.220832404973471,0
4464,1.2209067034445111,0
2063,1.220924655495609,0
3629,1.2211232141264092,0
1000,1.2212508138443443,0
3389,1.2214991401324715,0
2919,1.2216582909291163,0
3922,1.2218498360564876,0
2386,1.2222701587831863,0
4802,1.2223134481883333,0
2599,1.2223536385987372,0
2343,1.222505064389266,0
3126,1.2228575358609008,0
4978,1.22303483771033,0
3713,1.2230353364043176,0
2975,1.2230389290691002,0
4446,1.2234691186113378,0
3951,1.22348227523997,0
2194,1.2237509058062996,0
2857,1.2239974033190575,0
2238,1.2241014546350832,0
1817,1.2242370587534837,0
4386,1.2244146934670792,0
2635,1.2246356567561487,0
1364,1.2246373017380925,0
3695,1.2246779823441165,0
2644,1.224770179288889,0
654,1.2248579577995595,0
986,1.2248859453644412,0
3405,1.2249943122213116,0
3334,1.2251638621608785,0
1720,1.2253534206616468,0
3615,1.2254797437434777,0
4011,1.2256664373954427,0
3469,1.2259879227097548,0
1255,1.2262089237347946,0
1575,1.2268415308276555,0
4859,1.2269019103396108,0
2683,1.2270680108423477,0
2104,1.2271717795756483,0
4228,1.2274453929733442,0
5040,1.2277849093437672,0
2757,1.2279624378130112,0
167,1.2279772080510403,0
2464,1.228235374598818,0
3559,1.2282815986765072,0
1656,1.2284870608686362,0
3306,1.2285174900454074,0
220,1.2287474019265705,0
2087,1.2288449525034242,0
2733,1.2288496588771156,0
4163,1.2290069877715606,0
3168,1.2292245628140506,0
2097,1.2292518826899765,0
3672,1.2292964739751588,0
3268,1.2294100054726662,0
2431,1.2294695674048053,0
369,1.2295055460484283,0
2035,1.2296715444328308,0
2263,1.2296793029240904,0
3801,1.2299458619429025,0
2297,1.230173277701474,0
824,1.2301963879285245,0
3110,1.2302389705974595,0
1228,1.2304623739604246,0
3076,1.230649462991814,0
4104,1.2307842563223224,0
761,1.2311989993136885,0
2536,1.2312312056483676,0
1410,1.2312604954754922,0
409,1.231271953036992,0
323,1.2315358943635757,0
3164,1.2315727191256665,0
2191,1.23191964238309,0
3881,1.232064134870707,0
2825,1.2321716181409412,0
4382,1.232329358229431,0
1841,1.232528153157201,0
1240,1.232652198766291,0
2350,1.2326944982253314,0
1300,1.2327894582854615,0
2576,1.2330763353366503,0
4469,1.2331996744873008,0
2015,1.233230239537568,0
3042,1.2336870218755744,0
2115,1.233956819059676,0
3910,1.234144435532116,0
66,1.2342798753715956,0
1291,1.2346367624551395,0
5003,1.2348161653194036,0
2153,1.2348193747660017,1
83,1.2348994397167785,0
1740,1.2349204231712132,0
2396,1.235119481244817,0
786,1.2351714428782967,0
1739,1.2352276251256835,0
4717,1.2352769510516382,0
2260,1.2353457514176287,0
185,1.2355696866845254,0
3322,1.2356606098714835,0
1493,1.2360739968649759,0
2550,1.2362043273978378,0
4809,1.2362077045299131,0
1996,1.2364317492288461,0
1783,1.2365004595695492,0
5034,1.2365397158304585,0
5035,1.2370974433203457,0
1874,1.2371008167355857,0
4906,1.2376118120522985,0
4466,1.237692631489824,0
3876,1.2378409220260407,0
3510,1.2378865678088118,0
4072,1.2379098558845736,0
5062,1.2379999267921464,0
4962,1.2381086002200694,0
2250,1.238109990231547,0
2921,1.2381305714063147,0
4387,1.2381558630546108,0
1784,1.2383343270083849,0
1700,1.2384083232426124,0
3504,1.2385442195727336,0
1457,1.238610491778085,0
4280,1.2386209126682284,0
2896,1.2392974409895698,0
3057,1.2392985834790717,0
1981,1.239511930620515,0
3630,1.2396090109024684,0
4862,1.2396592713128123,0
4391,1.2396847446453387,0
3302,1.2401117976563607,0
1619,1.240132464419194,0
643,1.2401408623282149,0
243,1.2401429350432565,0
2758,1.2401961529471814,0
1504,1.2405900934741536,0
3049,1.2409656564209157,0
2278,1.241039034734129,0
223,1.2410593442524323,0
1758,1.2412006424984268,0
3962,1.241214584629008,0
1789,1.2413645952804582,0
3541,1.241644404281102,0
1790,1.2417422700061662,0
2784,1.2418030735221066,0
4658,1.2419301524302875,0
661,1.2421018899464236,0
1460,1.2421296541990177,0
275,1.242158064762748,0
1275,1.2421613841935226,0
1062,1.2422067354509105,0
1414,1.2424463333200266,0
1390,1.242620117818119,0
1488,1.2426419722498332,0
2643,1.2426941557234714,0
4984,1.2429039073317243,0
1642,1.2430480054606738,0
299,1.2430492381868359,0
1366,1.2432167913566101,0
3373,1.2434378747652928,0
1115,1.2436623106580724,0
3862,1.243685721509684,0
1834,1.2436985715279214,0
1292,1.2437403834071152,0
3250,1.2437845581527156,0
1714,1.2439821996908578,0
3271,1.2443833438858025,0
4249,1.2443970768482187,0
1244,1.2444514883823556,0
3741,1.2445935193735005,0
4852,1.2446106099096281,0
105,1.2446574158954842,0
484,1.244728990653322,0
285,1.2450515383115397,0
4389,1.245156185586881,0
3326,1.2452096299192983,0
2094,1.2453768619062995,0
3568,1.2454203188348114,0
2682,1.2455681459794885,0
3819,1.245699219316933,0
1852,1.245708635770122,0
4440,1.2458395683376096,0
1726,1.2458794167447005,0
4119,1.2462028301177872,0
2455,1.2462458445815923,0
4420,1.2462659267690088,0
1274,1.2463233352250944,0
3081,1.246426496098851,0
3636,1.2464579137428295,0
407,1.2465753399150494,0
2224,1.2466802711083111,0
203,1.2467347667814823,0
1183,1.2468602862930984,0
1169,1.246982590919788,0
3799,1.247140269993607,0
4095,1.247423892540328,0
3501,1.2478590909371932,0
2170,1.2478592018452177,0
278,1.247884249732218,0
4991,1.2479715110249023,0
192,1.2479904615554511,0
247,1.2480480235389695,0
1527,1.2481003318918698,0
4488,1.2482300365186583,0
2316,1.2482669633157,0
2571,1.2487138081270452,0
1787,1.2487422026181778,0
1279,1.2488466702548484,0
447,1.24884921447474,0
4429,1.2492666480452606,0
4022,1.2492931673663634,0
2604,1.2493090368502457,0
1603,1.2493378940089503,0
4103,1.2494305855604346,0
4493,1.2496737073292987,0
335,1.2497540882374625,0
2555,1.2498298261745147,0
3488,1.2499340601229345,0
255,1.250028837371227,0
155,1.250274388453248,0
193,1.250408097895576,0
4871,1.2507324127541024,0
231,1.2509432725926661,0
302,1.2513087503182656,0
5002,1.251503543912379,0
4715,1.2518194426797458,0
3930,1.251838828446543,0
2535,1.2521558036661997,0
3128,1.2522756052359847,0
2374,1.2522771950471825,0
4301,1.2524363090327815,0
4243,1.2524969058825342,0
1930,1.2525264796254774,0
1215,1.2528120301690437,0
3708,1.253043866024681,0
1587,1.2531121219783972,0
511,1.253452024413792,0
2114,1.2535509762568646,0
4939,1.2538337059863283,0
3856,1.2541140165387876,0
1728,1.2541649033100866,0
1393,1.2541823207333622,0
2359,1.2544907534002296,0
1452,1.2546185802524954,0
2428,1.2546638312883154,0
4869,1.2548240217737958,0
4982,1.2548651181817279,0
352,1.2548754496195649,0
256,1.2555873380588471,0
2714,1.2556135564977584,0
293,1.2557064961966118,0
3554,1.25572904467016,0
1156,1.2558053685301909,0
1853,1.2560301725679854,0
4099,1.2562453062986407,0
1724,1.2562793131935366,0
1063,1.2565812827660738,0
3243,1.25678906509861,0
383,1.2569358936321655,0
2570,1.2570905475453074,0
2787,1.257120657373148,0
2050,1.2571287686373585,0
3721,1.2572201506282537,0
2261,1.2572861244337674,0
1988,1.2573054832345345,0
1822,1.2575112938648,0
175,1.2576043529135565,0
2449,1.2578863398426259,0
1450,1.2579277949721068,0
2447,1.2579338300438347,0
2873,1.2581534631051057,0
1411,1.2581589182957813,0
1934,1.2582641991017482,0
403,1.2583471579050396,0
4352,1.2584292473630272,0
3886,1.2584772004980858,0
3187,1.2585060418476275,0
1813,1.258530365182742,0
4217,1.2586119906130855,0
319,1.258695401591521,0
3055,1.2588098420604439,0
2361,1.2589523538394207,0
2280,1.259024162079784,0
334,1.2590669817475544,0
111,1.2595046574909037,0
3645,1.2595267281085418,0
1439,1.2595659249460192,0
1408,1.2597085971159605,0
4857,1.2598831053516515,0
4412,1.2598993255832045,0
1437,1.2601516839978824,0
4960,1.2602197327795168,0
4014,1.2602963684770057,0
1907,1.2604341619389952,0
1477,1.2604843598113944,0
331,1.2605316579854549,0
1868,1.260628068792976,0
1491,1.2607848029425104,0
2627,1.260793325559959,0
268,1.2608043510840623,0
4491,1.2608167773035113,0
4010,1.2609114564015276,0
2650,1.2610320779171178,0
4878,1.2611241788068994,0
1463,1.2612470434218528,0
1273,1.26125262135004,0
3639,1.2612541975086389,0
3724,1.26150650057794,0
410,1.261546398550598,0
1480,1.2616168548720073,0
2651,1.2616914859517558,0
460,1.2617132624352594,0
2639,1.2617913116065598,0
1112,1.261902692336549,0
4832,1.2619771703185965,0
1243,1.2620195954498226,0
2655,1.2620740004379023,0
1597,1.2621149682615702,0
2583,1.2621746292895648,0
4936,1.2623267738403672,0
624,1.2623284264518946,0
2868,1.2623806506999078,0
1197,1.2626747191313616,0
3378,1.2628151705475308,0
225,1.2628163059577062,0
3396,1.2628802751633026,0
4659,1.2633899556201158,0
4632,1.2634583780301767,0
2901,1.2636854280689447,0
4625,1.2636937952069902,0
2453,1.263771972157414,0
1081,1.2639542227284062,0
1979,1.2639842037725897,0
2828,1.2641038996641636,0
1761,1.2645048128090106,0
2231,1.2645243707960017,0
1797,1.2645358906812036,0
4893,1.264597391549553,0
3193,1.2648523469417263,0
2472,1.2650865597080916,0
2556,1.2651272322803684,0
376,1.2652078820585038,0
186,1.2653779209824378,0
628,1.2653833134685184,0
2819,1.2654071913590654,0
2155,1.2654504139971023,0
2333,1.2658363688936873,0
2813,1.2658662393723852,0
3959,1.2659600730500433,0
2363,1.2660186877398223,0
1773,1.2660787896521375,0
4801,1.2661072440158052,0
991,1.2661677350403626,0
3663,1.2664047522266184,0
755,1.2666587652227526,0
2899,1.2666800751220995,0
626,1.2667006345797296,0
1614,1.2669333249391828,0
3900,1.2670009664124715,0
3162,1.2670610914480953,0
384,1.2672875031869981,0
632,1.2675444343710316,0
879,1.267563167393327,0
2763,1.2676070430758297,0
3820,1.2676134681226903,0
3321,1.267709811322183,0
1676,1.267730894758651,0
4402,1.267788566014416,0
4880,1.267877597982174,0
3807,1.2678994176558354,0
757,1.2680426695303824,0
184,1.2680498287099726,0
2479,1.2681673053942217,0
4410,1.2687302977561408,0
208,1.2690571279994167,0
4292,1.269319410474472,0
4255,1.269378496513655,0
3571,1.2695088933411007,0
3570,1.2695465656236042,0
3753,1.2698095468223543,0
5027,1.270108675265205,0
400,1.2705056592840789,0
3815,1.270510848005305,0
1442,1.2708822449395702,0
3588,1.2711124533859504,0
234,1.271153544207071,0
1446,1.2711560078711128,0
2632,1.2712513542585038,0
4418,1.271480071809832,0
4174,1.2714849943733664,0
2454,1.2715635573672623,0
1116,1.2717073517438735,0
4107,1.2718357544136674,0
2889,1.271982018085929,0
326,1.2719916979011627,0
1709,1.2720034497522044,0
3301,1.2721485580995602,0
2474,1.272315985121543,0
1848,1.272408152624954,0
1202,1.2727356411147428,0
472,1.2727715002684863,0
418,1.2728710640326149,0
2902,1.2732767496452562,0
1281,1.2733002765048838,0
392,1.2733099138639556,0
720,1.273551608486383,0
4431,1.2736097991975344,0
2307,1.2737320899196525,0
3720,1.2737546622184919,0
4474,1.2739562437575842,0
1056,1.274065644141791,0
2892,1.274065676343567,0
3289,1.274231332254026,0
4169,1.2742982299436096,0
267,1.2743262095170174,0
2600,1.274327447041035,0
2465,1.2744496628483921,0
4848,1.27449974998643,0
3304,1.2746136511245298,0
1360,1.2746681957753982,0
1756,1.2746687718814167,0
1812,1.2747393347666136,0
1326,1.2748777564129856,0
3766,1.2748880487371117,0
2908,1.275069058628327,0
4593,1.275175408526353,0
4858,1.2751834103699746,0
1808,1.2751872376248774,0
2134,1.2754115654699005,0
3984,1.2755061869892685,0
3148,1.2759243387867718,0
179,1.276134472274828,0
818,1.2761428604780813,0
807,1.276202162903951,0
217,1.2762154299557436,0
2705,1.2762636079799663,0
2494,1.2762666748197344,0
1394,1.276762230844316,0
2778,1.2768026606806893,0
2780,1.276982126354653,0
3693,1.2769978380632592,0
2761,1.2770257483743546,0
1249,1.2770258622174748,0
5044,1.277195318995332,0
2562,1.277267668501288,0
1077,1.277494271592092,0
4648,1.2775996450170715,0
2292,1.2776003874564235,0
2564,1.2776346390651365,0
3457,1.2778195122044242,0
4091,1.27807701918981,0
2150,1.2781368508034343,0
2000,1.2782359504339664,0
281,1.2782524594728981,0
2110,1.278350166713377,0
3421,1.2784584493467916,0
5007,1.2784739874523505,0
3479,1.2788056913887862,0
3863,1.2788589791257134,0
2082,1.2788993483352888,0
453,1.279109916710916,0
4808,1.279332264008825,0
4836,1.2793744588052158,0
1895,1.2794662414401352,0
1118,1.2796360812863212,0
2629,1.2796756453659492,0
3924,1.2797886177268736,0
2861,1.2801118859572023,0
1933,1.2803460167935723,0
178,1.2803853991724918,0
264,1.2803873306409483,0
1804,1.2806375263686427,0
116,1.2807005417209156,0
2727,1.280761127796227,0
2952,1.2808455327698378,0
325,1.281085721547409,0
1637,1.2811443504147015,0
354,1.281194805382062,0
3117,1.2812503287589703,0
3843,1.2813358674867208,0
4406,1.2813812264120374,0
4004,1.2816143794841166,0
2514,1.281714659798098,0
2036,1.2817290540675654,0
1855,1.2818373696779162,0
3564,1.282039719672093,0
2672,1.2820647032063133,0
2298,1.2821119807265857,0
3937,1.2822380389211865,0
2735,1.2825808205173719,0
1779,1.2827627520012481,0
2384,1.2827667974179016,0
4239,1.2827801476477982,0
210,1.2828562702592654,0
2596,1.2829261159371075,0
3467,1.283009927469655,0
1815,1.2833833326886501,0
1954,1.2834421636122555,0
2193,1.2835388441743691,0
3553,1.283560741249267,0
361,1.2836590346533636,0
2306,1.2836753112874242,0
1869,1.2837263366464309,0
2772,1.283732949985599,0
2184,1.2837604186571725,0
345,1.2838491841211133,0
2884,1.2838583474588516,0
3762,1.283898405584769,0
3715,1.283945799417458,0
201,1.2840150081642467,0
4125,1.2841310468526146,0
2086,1.2841384983393607,0
253,1.2841998253398095,0
2028,1.2844153139152426,0
917,1.284535943761038,0
4821,1.284768647287906,0
4364,1.2848624701590632,0
1643,1.2848814907491868,0
1801,1.2849879792269614,0
4438,1.285154404192151,0
1744,1.2853083793162476,0
3298,1.285610272821586,0
1188,1.2860440559563135,0
3877,1.2861136059492362,0
2740,1.2861165155825869,0
4090,1.2861435114914839,0
1839,1.2863733762431806,0
426,1.286401238388699,0
1097,1.286705297921042,0
449,1.2867101117277893,0
339,1.2868019973018143,0
1284,1.286928800402048,0
4437,1.286932282596957,0
1478,1.2870615019739857,0
2281,1.2870689654998688,0
230,1.2871556275897664,0
3963,1.2873554402191933,0
3631,1.2876843242968783,0
417,1.2878780418568947,0
620,1.2879317482612427,0
4831,1.2880564548005453,0
3545,1.288124631292009,0
3624,1.2884175099390174,0
5029,1.2884277637811472,0
3030,1.2886242213876606,0
2730,1.288902279530217,0
2606,1.2889599308857396,0
2931,1.2890773804783775,0
422,1.289088834005399,0
2696,1.2892462429112683,0
5048,1.289269777171864,0
4035,1.2894387431786918,0
1806,1.2894620379553565,0
2910,1.289531403588098,0
4864,1.2898496621774953,0
2146,1.2899292237391529,0
2284,1.290062972945088,0
1924,1.2902310570266475,0
3585,1.2906025823002467,0
1944,1.2906598989666518,0
5015,1.2907296947948843,0
4094,1.2908078798737406,0
259,1.2909092678951923,0
2045,1.2910680951216897,0
1443,1.291202520396961,0
1258,1.2913901456293753,0
2204,1.2913963331635068,0
4778,1.2916186751208503,0
4155,1.291780847737616,0
1289,1.2917959566840242,0
966,1.2919781952201859,0
454,1.291992339974356,0
2385,1.29225550576624,0
1795,1.2923753996545089,0
4425,1.2924277330039318,0
2586,1.29243596171823,0
2371,1.292510382232861,0
3995,1.2925923396201102,0
3483,1.2926022604582874,0
1344,1.2926230140001955,0
3640,1.2926929022353408,0
1882,1.2928871029390574,0
1475,1.292915835683248,0
5058,1.2931825842519467,0
956,1.2932476348336748,0
190,1.293300789757673,0
2173,1.2933619828697092,0
2309,1.2935729443228507,0
579,1.2935738314179976,0
1712,1.2938285164581083,0
1702,1.2939581663051587,0
4268,1.2939739501008196,0
1552,1.293997289690381,0
923,1.2940373550233055,0
4394,1.2941011510098372,0
1574,1.2941116141047424,0
4840,1.2943182664077464,0
494,1.2943436723620598,0
2907,1.2943856921713386,0
3641,1.2944071657286873,0
4887,1.2944607877413936,0
3221,1.2945776816232808,0
4753,1.2946282480593019,0
241,1.2946551192986493,0
3710,1.2947375980349927,0
2372,1.29477062350724,0
1124,1.2947980558766592,0
2664,1.294898726953015,0
4879,1.2949703376787909,0
393,1.294975328444057,0
1851,1.294982531770992,0
1794,1.2950640652488916,0
1751,1.2952043881721411,0
1850,1.295267990346724,0
191,1.2954196466667272,0
1899,1.2954927770870146,0
590,1.2955028320250246,0
2473,1.2957362454243346,0
406,1.295929229867469,0
479,1.2959807525826668,0
4375,1.2963410441973997,0
4111,1.2964959723929903,0
260,1.2967057879116113,0
4803,1.2967258631278378,0
363,1.2968811940001983,0
4106,1.2976627760746748,0
3015,1.2978249538759992,0
2869,1.2979540897844088,0
1809,1.298087409694506,0
2699,1.2983456378484697,0
450,1.2985023836111966,0
2623,1.2985067274708786,0
3712,1.2985952613513907,0
4326,1.2986782819025093,0
2634,1.2989999326875608,0
1615,1.2990011864351292,0
3361,1.2990350032535396,0
1404,1.2991336094133812,0
2559,1.299174107453256,0
2642,1.2992703270271675,0
3431,1.2995341122587636,0
1541,1.2996258203112983,0
4332,1.299664743961474,0
2773,1.299685051445247,0
1776,1.2996994373971702,0
3339,1.2999235414024142,0
3918,1.3000684331838717,0
2866,1.3001305292010832,0
330,1.3002811502243021,0
2198,1.3003101203906289,0
1943,1.3003558190971416,0
1413,1.3004140609864434,0
2521,1.3004192683362858,0
177,1.3004490824541275,0
2591,1.3005526651774673,0
2393,1.3006166914908268,0
408,1.3008806847205998,0
1967,1.3008850434495707,0
1862,1.300925438655195,0
4977,1.3010057617738886,0
343,1.3010264743479616,0
2616,1.3010424957306774,0
148,1.3010677800931902,0
2578,1.3010825838859352,0
4662,1.30108782180314,0
3312,1.3012026793678566,0
859,1.3012301860452724,0
3066,1.3014153015781635,0
4122,1.3015364909804827,0
2066,1.3015445200837226,0
3657,1.3015579756511322,0
2295,1.3015992272673358,0
563,1.3016565846151487,0
3648,1.301683693537437,0
2785,1.3017785662956785,0
3765,1.301819204987203,0
394,1.3020356749414572,0
4031,1.3020400322637458,0
443,1.3020471903605337,0
2938,1.3020861592597592,0
709,1.3022959849730738,0
1171,1.3023557147186762,0
248,1.302494029141133,0
2368,1.302565333820022,0
1990,1.3027942297319437,1
3858,1.3028237540156797,0
1356,1.3030075281082472,0
1736,1.30341730823749,0
3874,1.3034178491572639,0
3879,1.3034809005878703,0
968,1.3035156485475066,0
5049,1.3035655003539774,0
2577,1.303694762694994,0
156,1.3044231777862736,0
4230,1.3044512468462937,0
4490,1.3044665802783344,0
4921,1.304536958267888,0
93,1.3045549877188067,0
1418,1.3045799255741128,0
4918,1.30478925182619,0
4202,1.304840757538337,0
2702,1.3048551857471307,0
3921,1.304944981012234,0
350,1.3050176438588033,0
374,1.305266473191774,0
4853,1.3052965116026627,0
548,1.305364218819933,0
1663,1.3056082481444413,0
2376,1.3056099326493704,0
1699,1.3058073537595594,0
1386,1.3060359718664496,0
4423,1.3060500938790174,0
4834,1.3060789671563957,0
2422,1.3061586040859894,0
421,1.3061791466570878,0
4184,1.3062976731086542,0
3386,1.3063556739787732,0
1897,1.306382696032934,0
3808,1.3065756944955493,0
1253,1.3066941660278542,0
3354,1.3066976997761397,0
2641,1.3067886399585678,0
1278,1.3068406755771391,0
4016,1.3073539724984842,0
2423,1.307451972786163,0
969,1.3075506738632474,0
1771,1.3076405057680158,0
4976,1.3078034440311532,0
2647,1.3078830215506516,0
1592,1.3079988642856222,0
1252,1.3080267759124058,0
2470,1.3081604179288575,0
3718,1.30816513199743,0
2508,1.3081946794760386,0
401,1.3083499015544273,0
4447,1.3086014596717048,0
2032,1.3086382155354337,0
2352,1.308762658172038,0
4919,1.308777776236684,0
4657,1.30883570965381,0
206,1.3088419490102943,0
391,1.3088711795879373,0
3445,1.3090374254970312,0
3225,1.3093191485059053,0
2175,1.3093538925775212,0
1630,1.309371942798378,0
3868,1.3095090330671784,0
3180,1.3097104168140723,0
1763,1.309827322444705,0
2849,1.3098401170559895,0
1420,1.3101153544197455,0
2355,1.310287158780576,0
1816,1.3106908996117546,0
3938,1.3109044204813505,0
1346,1.3109941960415943,0
853,1.3111772240607138,0
3460,1.3115501966956515,0
4824,1.3116589304439592,0
4990,1.3117432201847201,0
4875,1.3120305736549105,0
1241,1.312037332541916,0
1875,1.3121314452209356,0
4133,1.3123473160945003,0
3660,1.3123698733124503,0
2525,1.312510894796304,0
1267,1.3125258301611311,0
2726,1.3125275641156062,0
4126,1.3125521609111153,0
2117,1.312563986179999,0
4966,1.3125818959313549,0
4432,1.3125968602828557,0
2498,1.3126425045952186,0
2972,1.3127419034323977,0
3499,1.3127504672399972,0
2579,1.3128881169989002,0
1548,1.3129894624007106,0
597,1.3130237051179627,0
2277,1.3133275616866222,0
683,1.313623139076094,0
2301,1.3136981880128267,1
431,1.3137090478924536,0
3297,1.3139439744645263,0
2607,1.3141053588996892,0
2688,1.3141128947151528,0
3244,1.314143019720018,0
1019,1.3142154830046007,0
4033,1.3142364602334362,0
3432,1.3143508876905434,0
1791,1.3143611479664195,0
4283,1.3144877429615827,0
2392,1.3146923034530222,0
4182,1.3152781258996695,0
1941,1.3154321204258084,0
636,1.3155941502784076,0
2499,1.3158012074659775,0
3783,1.315859360767699,0
5016,1.315892002973482,0
2131,1.315964991126081,0
2370,1.3162266294509506,0
161,1.316416275909011,0
1403,1.316450584303723,0
4131,1.3164850162368718,0
4825,1.3164922138438417,0
1444,1.316592250947254,0
2922,1.3166031362539696,0
4868,1.316670452840077,0
4873,1.3167031904709727,0
388,1.3167818030257858,0
4204,1.3168489115618558,0
2538,1.3169216387360727,0
1778,1.3169244074534763,0
2746,1.3170243718662646,0
3474,1.3171432689924116,0
456,1.3172086699242194,0
4445,1.3175012320930324,0
469,1.3177667883170403,0
2522,1.3180498687359716,0
4620,1.3185329034329805,0
169,1.3186022535197237,0
228,1.3190461050477948,0
3084,1.319097753934362,0
2132,1.319173276247528,0
2430,1.3191859885866486,0
2652,1.319200450191446,0
371,1.3192957234451397,0
2410,1.3193368379858637,0
1730,1.3193634639800478,0
2369,1.3194492284249706,0
274,1.3197409566707228,0
2195,1.3199065467234625,0
4275,1.3201906903200513,0
336,1.3202922613497472,0
2959,1.3203640650245487,0
4180,1.3204120552352294,0
2364,1.320587135176021,0
1613,1.320990499698848,0
227,1.3213370472326622,0
3614,1.3216013805051428,0
1942,1.3217965213713054,0
1453,1.3218636194062934,0
2753,1.3219415102614833,0
2546,1.3219520704619867,0
3007,1.3220511216566138,0
4847,1.3221184510277941,0
2680,1.3222164630375564,0
4892,1.3223065467209711,0
1737,1.3231478534856875,0
2286,1.3235565938242984,0
1769,1.3235810361155362,0
433,1.3238261589517133,0
15,1.3240115486198754,0
286,1.3240819601691047,0
430,1.324335934181156,0
1368,1.3243797846163623,0
2519,1.3247302489883954,0
183,1.324833577303881,0
4426,1.3248625778930356,0
1544,1.325006798704018,0
2701,1.325040840778377,0
2832,1.3252149203963473,0
2145,1.3253173362520756,0
2609,1.3253705828182822,0
1722,1.3254370486638922,0
2678,1.325495832530446,0
435,1.3256745519143827,0
2128,1.3258003130630365,0
1451,1.3259427117579035,0
1462,1.3260483010761164,0
4070,1.3260569058829388,0
3814,1.326428386308869,0
2693,1.3264766487486022,0
578,1.3266809021466481,0
1494,1.326699229370902,0
429,1.326929801479764,0
2543,1.32708033773765,0
4905,1.3271833634742345,0
2174,1.3273447885024972,0
4051,1.3273694424070868,0
2532,1.327416986609059,0
4454,1.3276979712510222,0
1245,1.3277090206926867,0
1792,1.327724584418103,0
2626,1.3277510201106562,0
4390,1.3277856509219206,0
1448,1.3279150541906237,0
4591,1.3279443742088466,0
1835,1.3279830062831213,0
2049,1.328112503138368,0
2026,1.3283785588699837,0
4311,1.328489066329807,0
3791,1.3288724097528335,0
1754,1.3289465485101586,0
4952,1.3291581393704395,0
1983,1.3291663151609818,0
4843,1.3291941672300318,0
283,1.3293909928425223,0
4457,1.3294379406928247,0
3704,1.3296931850198246,0
4835,1.3297308835762462,0
342,1.3297960411629104,0
3908,1.329945279354948,0
4392,1.3300374197360543,0
4291,1.3300873998959999,0
5057,1.3301106676929857,0
2715,1.3301238559930832,0
537,1.3302886879130047,0
4225,1.3303672181803645,0
2206,1.3305839860801858,0
3669,1.3306609660212736,0
2113,1.3308019848299755,0
4985,1.3308355818209887,0
606,1.3309378135049301,0
2241,1.330945229973871,0
1819,1.3309684438849922,0
2580,1.3310950009164342,0
2847,1.3310974559193252,0
2366,1.331127748287829,0
2622,1.3311631130654502,0
3620,1.3311764465971847,0
3836,1.3313588883306167,0
585,1.3314925220391154,0
1793,1.3315012626699978,0
4134,1.331621749116895,0
2628,1.331692381895054,0
1781,1.3317085253124157,0
3254,1.3318671734100131,0
439,1.3318979372324802,0
3849,1.331940743253449,0
4855,1.3324914536321202,0
4376,1.33254305672175,0
419,1.3327437992199893,0
3067,1.3331608859494688,0
4416,1.3331829222560088,0
4121,1.3332429924501887,0
2985,1.3332781305496797,0
4863,1.3333558261774145,0
2709,1.3333585003206898,0
2669,1.333433857749351,0
3673,1.3337858688118076,0
3335,1.3340509416735795,0
3422,1.3342067228253152,0
2537,1.3344710308217973,0
1121,1.3345654841015078,0
3610,1.334599272645222,0
2567,1.3346295991664447,0
2285,1.3347639859816274,0
2670,1.335035851761517,0
475,1.3351521034043956,0
2911,1.3353902029989106,0
1429,1.33543097452626,0
2587,1.3355236688373453,0
4006,1.3357067450284263,0
2617,1.335930365463338,0
3709,1.335976143215707,0
3127,1.3360041082918408,0
1788,1.3360377159019687,0
3920,1.336661042038832,0
4151,1.3367634627673937,0
2039,1.3367846502929577,0
1524,1.3368144701925047,0
1717,1.3368869657554578,0
4798,1.3370752104707906,0
1365,1.3371456705074587,0
1484,1.3371999450563756,0
2102,1.337212061672678,0
3785,1.3372320320868316,0
1767,1.3373177373741003,0
1397,1.337395599734852,0
2127,1.3375048554184257,0
4349,1.3375289406860411,0
536,1.3375338361459859,0
4461,1.3376452902511213,0
3729,1.3377455414232262,0
2721,1.3377762545485201,0
4909,1.3378478949554369,0
2437,1.337852505050467,0
3686,1.3378916655954864,0
4805,1.3379174861655478,0
359,1.338020391336817,0
4295,1.338117598653643,0
4833,1.3383023555600353,0
3453,1.3383640808460322,0
2444,1.3383959523937472,0
2446,1.338420930697591,0
432,1.3384270597896313,0
4558,1.3385328437079413,0
1206,1.3387822309325461,0
4854,1.3388689775988996,0
4455,1.3388888483565076,0
4828,1.3388928215320546,0
2462,1.3389749602834875,0
2865,1.3391032192137104,0
4093,1.3391319164661868,0
1760,1.339254182635849,0
1438,1.3393878603608633,0
4350,1.3394500765999382,0
2723,1.3397691627348622,0
3635,1.3398791807380805,0
4436,1.3401131742455035,0
1749,1.340267391514619,0
1264,1.3403372928111212,0
2484,1.3407828923344358,0
2460,1.34101581492776,0
2768,1.3410425336694192,0
1406,1.341078832251121,0
4979,1.341173706473257,0
1454,1.3412256286746103,0
3160,1.341421104188842,0
2854,1.341709238636606,0
2487,1.3417141315066299,0
3123,1.3417519284906347,0
2679,1.3420824368449145,0
1567,1.3421067648677354,0
4183,1.342108482576763,0
1426,1.3421317364260303,0
4281,1.3422195484252022,0
3061,1.3423104157920693,0
4823,1.342365837791178,0
1743,1.342474386807578,0
2534,1.3426322551295704,0
3485,1.3426436330056433,0
2744,1.3428286317617826,0
1263,1.3429384239700597,0
2122,1.3430301692423396,0
3587,1.3434296059526103,0
1799,1.3435340052387275,0
1277,1.3437637619531797,0
4428,1.3440112246326255,0
1864,1.3441587237479615,0
3473,1.3442023292072087,0
1968,1.344222586903558,0
2523,1.3444383437305465,0
4983,1.344459165517099,0
1738,1.3445290709262019,0
1379,1.3447473208528462,0
1998,1.3448001421396303,0
3619,1.344856726835782,0
349,1.3448892678010653,0
4185,1.3449143541214883,0
1867,1.34496775510428,0
2129,1.3450092470575874,0
2070,1.345035922596706,0
4974,1.3452677405410916,0
219,1.345413128882096,0
4975,1.3454484332101984,0
2058,1.3454593853176686,0
2611,1.3454897928190415,0
4885,1.3454988496082327,0
2824,1.345670710878987,0
1965,1.3457183693976928,0
3728,1.3457783710494864,0
2207,1.3458619862691161,0
4922,1.3459744550619608,0
2017,1.3461396414310594,0
890,1.3461738353116008,0
2481,1.3462804152695413,0
4827,1.3462834769011607,0
4435,1.346360574048755,0
4398,1.3464646627632795,0
3004,1.3466630573011182,0
2377,1.3468129497099448,0
2517,1.3468505515571185,0
2595,1.346862984014579,0
4367,1.346888980994562,0
3584,1.3472162390881,0
3919,1.3474134442998154,0
1023,1.3474164671313895,0
3367,1.3475018064500957,0
2665,1.347629111304569,0
1774,1.347654769036361,0
837,1.3477324559975352,0
3402,1.3477605304148799,0
2926,1.3479919554683264,0
3731,1.3479928473855618,0
4888,1.3480272400864197,0
1775,1.3480374801896409,0
3524,1.3480461440431253,0
1742,1.348074414363665,0
2257,1.3482467953295934,0
3468,1.3483027818685867,0
2707,1.3483310966188806,0
2970,1.3483401346268502,0
1402,1.3484231157703868,0
2619,1.3485840572861678,0
226,1.348745152472714,0
1814,1.3492629678958328,0
1398,1.349421637840411,0
2691,1.3494729135450598,0
171,1.349486880504236,0
2495,1.349574926988472,0
4422,1.349753071126844,0
280,1.3497745470658025,0
1385,1.3498025541709586,0
3387,1.3498471765955267,0
2528,1.349875876884087,0
1553,1.349902520066793,0
1870,1.3499144203522742,0
4403,1.3499514012887806,0
1608,1.3499524824843179,0
4450,1.3500075681491914,0
1440,1.3500470191974652,0
1435,1.3500561025849758,0
3497,1.3500666873104263,0
2022,1.3503268058969278,0
4092,1.3504669413527792,0
2471,1.350662391001036,0
3054,1.3508409000342803,0
3362,1.3509816253682918,0
2949,1.3510684215318474,0
2582,1.3512969008440254,0
2998,1.3513392089011909,0
2208,1.3515491165970164,0
3694,1.3517519606065398,0
2724,1.3517784707912903,0
2890,1.3520627931677662,0
2496,1.3520905849403213,0
2689,1.3522427741285996,0
2531,1.3523531728884226,0
502,1.352432797677887,0
1256,1.3526801506584298,0
2461,1.3530004796962298,0
3505,1.353062933532653,0
2488,1.353293554622327,0
340,1.353353725697562,0
4372,1.3535576656058539,0
3934,1.3535744185033525,0
2432,1.353867936195025,0
1689,1.3539684784775519,0
4584,1.3539713252067611,0
4866,1.3539902220971962,0
1239,1.3540379010281733,0
2603,1.3541129861752437,0
3738,1.35423909804438,0
3294,1.354329004623233,0
3112,1.3543730954100361,0
4329,1.3545877526210919,0
2477,1.3546727620860208,0
2459,1.354723640090502,0
2547,1.3550560712120157,0
4306,1.355114662423576,0
2046,1.3551197271720221,0
1262,1.3553397742409967,0
2530,1.355422460680255,0
1866,1.3556020197053043,0
2745,1.35568019656371,0
1107,1.3557043269382947,0
1710,1.3559972130997369,0
3224,1.3561026729092318,0
629,1.356118869487204,0
4302,1.3561429573248707,0
2345,1.356300804096185,0
2469,1.3564276382162588,0
1523,1.356539129573534,0
1486,1.3569825433744644,0
2043,1.3570373076434037,0
2100,1.3570738231403732,0
3332,1.3571009222208736,0
1126,1.357454958608979,0
2864,1.3575196838218677,0
4595,1.3575877440253985,0
2186,1.3577674246150886,0
1986,1.357965953005459,0
3010,1.3579668490534107,0
2445,1.3581746537341755,0
413,1.3583895989269428,0
2485,1.358391176023283,0
3053,1.358412901410136,0
4987,1.3585712405598234,0
4439,1.3585867994138459,0
2502,1.3586260739260376,0
2125,1.358717663345131,0
1396,1.3587455551001892,0
674,1.3588301585034266,0
3200,1.3588897580234378,0
1383,1.358977116008012,0
2475,1.3593227643932484,0
1554,1.3597270028840984,0
2497,1.3597650304126008,0
4453,1.3597875080767903,0
1362,1.3599059226135424,0
3484,1.3599300071755958,0
3891,1.3599552770940877,0
2442,1.359956767170342,0
4065,1.3599989093813036,0
2593,1.3601537432421003,0
4793,1.3603044474001966,0
1734,1.3604624790941668,0
2608,1.3605311632329204,0
1433,1.3605523791440637,0
1610,1.360554943262759,0
1422,1.3608177939929402,0
1388,1.3612687328223942,0
1725,1.361435062934481,0
1857,1.3614905046684151,0
3024,1.3617460299477675,0
835,1.3619305862638804,0
1980,1.3619718389396038,0
4917,1.3620382058206952,0
3932,1.3620696751314472,0
3392,1.3621903031808265,0
138,1.3622268865922014,0
2197,1.3623439489180946,0
420,1.362344244350474,0
768,1.3624203086528635,0
2300,1.3624677237250309,0
2060,1.3625612449778886,0
4459,1.36260292339247,0
1461,1.3626228813609822,0
1777,1.3626973567986895,0
1576,1.3628046951159445,0
4890,1.363056444968946,0
2848,1.3633931219591033,0
3719,1.3634370595019847,0
2749,1.3635558111186998,0
2489,1.36356011690099,0
558,1.3636085330890793,0
414,1.3637944291280961,0
4881,1.3638779315933396,0
3409,1.3641878556839473,0
2713,1.3642113057791905,0
4829,1.3643086771759692,0
2398,1.3647073899061684,0
2056,1.3647447926635579,0
3544,1.3649150609394975,0
1392,1.364986607042407,0
2667,1.365058416744916,0
1600,1.3651062480276588,0
1187,1.365201142026096,0
1747,1.3654901070502212,0
364,1.365528263819557,0
3241,1.3656304752677138,0
3074,1.365631948980052,0
3595,1.3660591231456545,0
3232,1.3660920918191795,0
1961,1.3661289755296586,0
2180,1.3661346351161074,0
2594,1.3664572157940393,0
2041,1.3664831608131558,0
1863,1.3664843548693806,0
3964,1.3666871759970372,0
4794,1.3668588185045893,0
151,1.367061933421465,0
1780,1.3670882439563918,0
3220,1.3672314016753409,0
1711,1.3672728615119853,0
405,1.3673278256661714,0
1445,1.3674413797213054,0
2468,1.3676669942270114,0
3780,1.3677034392414535,0
4517,1.367861600192681,0
2614,1.367953193673482,0
3295,1.3680588673507852,0
444,1.3681009735657457,0
2859,1.3682128213394236,0
4920,1.368267432556503,0
1713,1.3685697343618386,0
2677,1.3686833718274372,0
218,1.368726560916553,0
1889,1.3688676445632775,0
4279,1.369164426086945,0
212,1.3691912056390803,0
3397,1.3692700470811014,0
5026,1.3693549926776218,0
1317,1.3697082677538837,0
3003,1.3697200554960967,0
3598,1.3697511049101077,0
4344,1.3700728536448632,0
1428,1.3701084893106898,0
4226,1.3701415996698152,0
1412,1.3701920015321196,0
2419,1.3702127152985333,0
3968,1.370372056346289,0
3623,1.3704874928797242,0
1260,1.3706844597160046,0
1405,1.3710669469495818,0
2612,1.3711290887533667,0
2299,1.3713079783130744,0
3275,1.3715865354563461,0
1247,1.3715942610231464,0
1854,1.3717981319985153,0
1881,1.3718638472053883,0
2856,1.3719375986930493,0
3642,1.3719961742937905,0
1802,1.3722127734413023,0
2601,1.3723849743911904,0
3764,1.372410431493102,0
2640,1.3725923126514123,0
3532,1.3726736409657692,0
4188,1.3728377621102397,0
1931,1.3729913560445839,0
2671,1.3735900435812476,0
3248,1.3737357566732913,0
2860,1.3738579253774896,0
311,1.373964437436145,0
164,1.374042672554975,0
4003,1.3740985213127581,0
1731,1.3741491408593858,0
1455,1.3741700042607559,0
3270,1.3741782766394486,0
2080,1.3744199012645046,0
4415,1.3744726943995502,0
2518,1.3744937674264655,0
2071,1.374521864852236,0
2542,1.3746047651753954,0
1732,1.3750392278861752,0
2492,1.375301083339021,0
1824,1.3753559630481742,0
3149,1.3754245079210095,0
1721,1.375471182773554,0
2034,1.3755659796324915,0
1257,1.3757535250392356,0
2185,1.3758215270774328,0
3229,1.3760304340273974,0
1589,1.3761275482300004,0
3192,1.3762912166528483,0
3385,1.3763739811335096,0
2862,1.3764375154265875,0
3314,1.376462450713258,0
1498,1.3765700786953752,0
3493,1.376684656188774,0
2072,1.3767678591182055,0
2760,1.3767746577324491,0
1387,1.376810205296334,0
3546,1.3769283260730392,0
4839,1.3769417689665986,0
2545,1.3770119071273115,0
4492,1.377040501409042,0
2344,1.3771736545389655,0
3609,1.3773733587633934,0
1829,1.3773747264544385,0
442,1.377540040233421,0
3333,1.3778970966030593,0
458,1.3782152820957976,0
2342,1.37826647664232,0
2483,1.3784650116675419,0
1599,1.3785163415353168,0
2544,1.3785485839827196,0
1236,1.378589339372067,0
2588,1.3786468040584894,0
2690,1.3786692808334986,0
4837,1.378779422669356,0
452,1.3791279945065336,0
2320,1.3792230722664505,0
5018,1.3793933843930757,0
3756,1.3794761759714058,0
1757,1.3794762197231922,0
4856,1.379932191451704,0
1785,1.3800024007698273,0
1064,1.3801351966338544,0
2126,1.3802620231811467,0
1407,1.3803493130475502,0
2338,1.3803673096597402,0
1716,1.3807113805840876,0
2524,1.380840279078452,0
2590,1.3810994599033535,0
382,1.3812064762359768,0
4973,1.3812861873693765,0
3313,1.3815890806821631,0
1468,1.3817348539120011,0
4882,1.3820933180921604,0
2317,1.382111098633861,0
2942,1.382282094602667,0
2416,1.382336816115915,0
3230,1.382413646079592,0
3809,1.382481947539604,0
1423,1.3827308072781763,0
789,1.3829281809817036,0
437,1.3829339805629581,0
1859,1.3829410326332872,0
3936,1.3829723224108559,0
2566,1.383077218127634,0
3205,1.3830790635862844,0
4378,1.38328271307568,0
2675,1.383442846368306,0
4910,1.3844589344427725,0
3817,1.3844737888199143,0
1459,1.3845082473217092,0
1798,1.3845942870046888,0
1719,1.3847324100466967,0
3828,1.3849265057788815,0
4845,1.3849647396668885,0
3705,1.385266072661883,0
2085,1.3853148919368816,0
3992,1.385415770157539,0
4396,1.3854197092415377,0
2858,1.3854722278562899,0
1380,1.3855128472110336,0
1259,1.385537714445611,0
4383,1.385552697700924,0
2981,1.3856093995752605,0
4767,1.3856644874402226,0
3740,1.3861672629752726,0
2510,1.3862120715528434,0
2867,1.3862342994674397,0
1836,1.3865430581513059,0
3107,1.3866274257984934,0
4124,1.3866352975487253,0
2282,1.386723082080646,0
2850,1.3868002481613753,0
3861,1.3868226841966187,0
188,1.387051913976424,0
2541,1.3872974250337482,0
313,1.3873063388246518,0
3048,1.3876520815578655,0
2676,1.388088603081817,0
4930,1.3884133997590948,0
2482,1.3884778849425383,0
3844,1.388541626655006,0
2044,1.3886602333249733,0
2568,1.3892573173195293,0
3034,1.3893722049804196,0
3699,1.389424988670117,0
1547,1.3894935828283566,0
3981,1.389701013226253,0
4795,1.3899640096780392,0
3104,1.3899964939969602,0
1401,1.3901020242733353,0
1831,1.3901753887504333,0
2029,1.3902576758756113,0
2347,1.390352303322439,0
1820,1.3904635240805587,0
2610,1.3906349636055808,0
4300,1.3907245766497085,0
476,1.3910861176424276,0
337,1.3911549390793272,0
4870,1.3912593285676407,0
182,1.391267911289263,0
1810,1.3912682731806985,0
3459,1.3913247390301753,0
3375,1.3913437378988553,0
2466,1.3915370540917258,0
3612,1.3922716048786512,0
3382,1.3924207974926748,0
2574,1.392451524672356,0
1821,1.39245581821252,0
2725,1.3924785359365248,0
4018,1.3928206998252266,0
2722,1.3929884650004676,0
4844,1.3932129807885891,0
4872,1.3932991290523902,0
3448,1.3934603330777857,0
4877,1.3935199116052648,0
1800,1.3935957589474466,0
1811,1.3937895889715994,0
4992,1.3940978891281322,0
3928,1.3941928870607736,0
4465,1.3942107721857362,0
5004,1.3942181737612624,0
2765,1.3942665701013537,0
1378,1.3943692743833618,0
2463,1.3944462055953974,0
2636,1.394513424001473,0
451,1.3945345701836023,0
937,1.394689948224932,0
2575,1.3950381359432846,0
368,1.3950705522264504,0
1514,1.3950705937713708,0
440,1.3952379087757047,0
1382,1.3954991138149826,0
2077,1.395789369181653,0
1837,1.395842256617534,0
2516,1.395897367514488,0
2605,1.3961289364886065,0
1287,1.3962141888981747,0
2711,1.3964018573434163,0
3870,1.3964330411456376,0
2804,1.3965513112272598,0
2325,1.3968551686109314,0
2589,1.3969355704384727,0
2584,1.397487540135506,0
365,1.3975985802480304,0
4865,1.3976205995114412,0
2708,1.3977470844045219,0
2654,1.3977799500579577,0
4810,1.3978345069047056,0
2870,1.3978613966059663,0
1745,1.397913820593696,0
3206,1.3984061904862375,0
2613,1.3984561787653496,0
4908,1.398497524965594,0
436,1.398531864116273,0
1456,1.3985513899676987,0
2491,1.3988228501964124,0
3293,1.398981613058042,0
3165,1.3991783834832823,0
4953,1.3992007867759841,0
2315,1.3992221621528398,0
3465,1.399228881818816,0
4980,1.3995386425136345,0
1764,1.3997419219199647,0
4807,1.3997698636851432,0
3744,1.3999548159522963,0
2504,1.4001997118173417,0
3000,1.4011244003159304,0
2602,1.401179782298253,0
2851,1.4012218918070403,0
2341,1.4013185831208133,0
1828,1.4014772596570706,0
2624,1.4015103969938985,0
1861,1.4016986802268656,0
4861,1.4024745061749049,0
1746,1.4025312666906098,0
1858,1.402708710871542,0
1268,1.4027600436875276,0
3223,1.4028091380776744,0
1395,1.402811906934597,0
2585,1.4028168018920908,0
1415,1.4031754490307382,0
1753,1.403341953937299,0
2505,1.4035842364169946,0
2706,1.404058357037556,0
4253,1.4041791310079066,0
3033,1.4044701846746035,0
1381,1.404517144963424,0
4480,1.4045688824341056,0
1419,1.4047283633362766,0
2621,1.4047800182800159,0
1825,1.4054032409472355,0
1878,1.4061468828516093,0
216,1.406295428876423,0
229,1.4063612672357795,0
2025,1.4063908111743375,0
4460,1.4064109905383497,0
1269,1.406573096692989,0
4388,1.4066499060280342,0
3036,1.406889715852981,0
1409,1.4071967020156904,0
1609,1.407271627431383,0
4826,1.407666894122352,0
3969,1.4081578150427672,0
3965,1.4082462011747579,0
2348,1.4087008715671838,0
441,1.4087264968268602,0
4456,1.4087543338809563,0
1017,1.4089028418463747,0
1431,1.4091774559543737,0
1733,1.4093637888857473,0
1830,1.4104587568861944,0
2500,1.410890112331896,0
4806,1.4110698601762597,0
3451,1.4110794083098015,0
1467,1.4113166039835026,0
1803,1.4116073185745308,0
1978,1.4116097500747662,0
2529,1.4116108321012786,0
314,1.4116548866941625,0
4969,1.4119983709615576,0
1759,1.412200454060611,0
4860,1.412312283141523,0
2754,1.412889009157464,0
1633,1.413437386796954,0
2209,1.4135407438615548,0
180,1.4137549783538679,0
3637,1.4139744811329809,0
1718,1.4144897496780995,0
3743,1.4147881209888769,0
4891,1.4153458391104783,0
2199,1.4154933527262747,0
3860,1.415687193340977,0
4087,1.416293373610211,0
2291,1.41735549289277,0
2648,1.4175652343834575,0
1860,1.4185162162912763,0
2062,1.4185739051821418,0
4393,1.4192076447381976,0
1588,1.4194898078790097,0
1772,1.4201719124129941,0
2751,1.4202381118057426,0
2747,1.4204939748080356,0
2084,1.4220760038066664,0
3973,1.4223974354241429,0
1545,1.4224097176658108,0
2767,1.4229073870624127,0
4241,1.4231528612111681,0
1425,1.4232513946112237,0
2752,1.4236335350630258,0
2863,1.4236432949992062,0
1577,1.4238901894219724,0
3233,1.4242872204948271,0
3037,1.42546584227509,0
2187,1.4265511111058455,0
3227,1.426573222159358,0
4846,1.42737734907808,0
2569,1.4277276196748063,0
3129,1.4279396399581068,0
3677,1.4282383944564694,0
2592,1.4290261273050966,0
4309,1.42928917964073,0
3203,1.4298315408812539,0
1856,1.4305008788480873,0
3035,1.432402776058965,0
4889,1.4347670447668586,0
2694,1.4348016879060883,0
3222,1.4381503497299961,0
1416,1.4384107374866828,0
2349,1.4398307562201607,0
341,1.4461491831152218,0
2615,1.4478795394834134,0
2988,1.4551804561619752,0
